968000010915590 3.41730558324453 50.19 -999 2020 1
968000010915641 3.26576091671761 26.84 -999 2020 2
968000010915644 3.55230310933835 40.56 -999 2020 3
968000010915650 3.25261034056737 14.52 -999 2020 4
968000010915657 3.86260836396494 30.44 -999 2020 1
968000010915683 2.90525604874845 1.68 -999 2020 4
968000010915687 2.87157293554588 17.62 -999 2020 1
968000010915707 2.82412583391655 3.53 -999 2020 4
968000010915714 3.3809344633307 27.22 -999 2020 5
968000010915729 3.07481644064517 0.78 -999 2020 6
968000010915754 3.24797326636181 52.89 -999 2020 5
968000010915783 3.35063560825895 48.63 -999 2020 6
968000010915811 3.25090769970086 46.75 -999 2020 3
968000010915812 3.263399331334 29.18 -999 2020 4
968000010915826 3.70850588095524 60.38 -999 2020 7
968000010915839 3.40157284567645 60.92 -999 2020 6
968000010915849 3.85733249643127 40.95 -999 2020 3
968000010915850 3.74146676176975 38.12 -999 2020 1
968000010915861 3.60948768985329 64.71 -999 2020 8
968000010915890 2.97358962342726 1.02 -999 2020 2
968000010915909 3.65253641859303 56.84 -999 2020 9
968000010915910 3.1846914308176 1.5 -999 2020 2
968000010915915 2.92890769024395 1.77 -999 2020 2
968000010915940 3.1646502159343 30.76 -999 2020 9
968000010915971 3.29070224328785 67.99 -999 2020 7
968000010915977 3.61573968861916 37.87 -999 2020 6
968000010915984 3.01577875638904 32.02 -999 2020 2
968000010916010 3.50256366910736 35.77 -999 2020 10
968000010916020 3.2973227142053 52.95 -999 2020 5
968000010916032 3.16524432612531 37.39 -999 2020 2
968000010916042 3.0982975364947 54.98 -999 2020 7
968000010916045 3.18525876529658 49.81 -999 2020 6
968000010916053 3.50310943667137 25.99 -999 2020 2
968000010916057 3.68250608593901 51.24 -999 2020 7
968000010916068 3.79802879340407 30.06 -999 2020 7
968000010916096 3.20085049809108 43.86 -999 2020 2
968000010916113 3.55533632799527 68.06 -999 2020 7
968000010916116 3.02530586526477 35 -999 2020 3
968000010916124 3.83903787338831 41.92 -999 2020 8
968000010916128 3.48230176722344 57.34 -999 2020 6
968000010916131 3.72648269678483 53.78 -999 2020 6
968000010916134 3.17435059747938 26.99 -999 2020 2
968000010916162 3.40312052117582 30.06 -999 2020 5
968000010916178 3.57333584006607 56.22 -999 2020 3
968000010916186 3.39707054995941 59.36 -999 2020 7
968000010916199 3.26764098234592 53.1 -999 2020 6
968000010916205 3.43838410703471 41.88 -999 2020 6
968000010916218 3.40277706961035 43.48 -999 2020 7
968000010916226 3.51745982654023 70.47 -999 2020 6
968000010916230 3.90276414392409 32.42 -999 2020 4
968000010916252 3.53300902249549 37.4 -999 2020 6
968000010916257 3.3647385550554 58.94 -999 2020 9
968000010916273 3.52218331761869 49.95 -999 2020 3
968000010916285 3.14457420760962 37.69 -999 2020 2
968000010916294 3.34811006848024 35.12 -999 2020 3
968000010916299 3.29070224328785 49.46 -999 2020 8
968000010916301 3.92716497429937 41.58 -999 2020 6
968000010916303 3.12385164096709 56.23 -999 2020 7
968000010916315 2.55266821611219 1.48 -999 2020 2
968000010916319 3.62231766083384 20.58 -999 2020 9
968000010916321 3.3356584522893 50.23 -999 2020 2
968000010916334 3.08600370561838 13.63 -999 2020 2
968000010916369 3.03342375548695 8.61 -999 2020 2
968000010916371 3.17609125905568 67.96 -999 2020 6
968000010916400 3.65118106244469 40.41 -999 2020 1
968000010916415 3.48727981644307 70.78 -999 2020 7
968000010916421 3.28757780907871 73.58 -999 2020 6
968000010916445 3.40260524191991 32.45 -999 2020 6
968000010916483 3.30016053695135 45.17 -999 2020 2
968000010916516 3.75503593376777 55.98 -999 2020 7
968000010916545 3.30276370847298 26.26 -999 2020 2
968000010916560 3.48387245422267 35.27 -999 2020 2
968000010916569 3.2692793897719 2.29 -999 2020 6
968000010916580 3.48515334990365 67.87 -999 2020 9
968000010916597 3.32118402730231 48.26 -999 2020 9
968000010916629 3.3859635706007 65.69 -999 2020 3
968000010916638 3.58737417207307 48.42 -999 2020 9
968000010916656 2.66651798055488 1.15 -999 2020 2
968000010916667 3.65417654187796 20.75 -999 2020 7
968000010916685 3.80834603574039 20.55 -999 2020 6
968000010916705 3.19672872262329 60.39 -999 2020 9
968000010916711 3.26434550705009 60.34 -999 2020 10
968000010916716 3.84304581053457 14.44 -999 2020 7
968000010916723 3.60777660374169 14.95 -999 2020 3
968000010916756 3.18412335423967 15.88 -999 2020 2
968000010916782 2.72345567203519 44.48 -999 2020 4
968000010916791 3.25791845031406 42.43 -999 2020 10
968000010916799 3.38827886345964 50.99 -999 2020 9
968000010916826 2.7160033436348 1.58 -999 2020 5
968000010916853 3.67486114073781 71.14 -999 2020 9
968000010916858 3.89159320434897 14.93 -999 2020 9
968000010916877 3.44947839918736 23.88 -999 2020 2
968000010916888 3.37748838337613 34.7 -999 2020 7
968000010916890 3.20601587676334 1.41 -999 2020 2
968000010916903 3.83372069044463 11.17 -999 2020 9
968000010916909 3.45453998496482 18.44 -999 2020 5
968000010916925 3.27600198996205 1.68 -999 2020 2
968000010916940 3.61066016308988 49.03 -999 2020 4
968000010916943 3.17260293120986 2.42 -999 2020 4
968000010916979 3.30663944102426 65.6 -999 2020 9
968000010916991 2.64048143697042 1.69 -999 2020 2
968000010917001 3.56831908509511 6.68 -999 2020 2
968000010917005 3.50392680419351 46.31 -999 2020 3
968000010917013 2.89320675305985 0.86 -999 2020 2
968000010917029 3.54765165835997 35.91 -999 2020 1
968000010917049 3.78211414747907 38.2 -999 2020 7
968000010917053 3.60916737430202 28.87 -999 2020 9
968000010917082 3.26054837263698 39.12 -999 2020 2
968000010917085 2.63848925695464 2.32 -999 2020 4
968000010917142 3.58069693971244 39.21 -999 2020 3
968000010917150 3.43885865942056 47.11 -999 2020 1
968000010917152 3.67412598274271 47 -999 2020 7
968000010917157 3.65743832270296 50.63 -999 2020 6
968000010917179 3.4072208929274 69.25 -999 2020 6
968000010917182 3.56002624891289 42.97 -999 2020 2
968000010917205 1.73239375982297 0.79 -999 2020 2
968000010917227 3.22659990520736 66.43 -999 2020 3
968000010917235 4.01321653962444 35.44 -999 2020 6
968000010917272 3.4344092075875 34.05 -999 2020 9
968000010917303 3.75495958772171 22.26 -999 2020 9
968000010917304 3.54740545966749 27.7 -999 2020 9
968000010917324 3.62117628177504 43.03 -999 2020 7
968000010917326 3.63174807439657 49.58 -999 2020 7
968000010917327 3.25983269906348 31.12 -999 2020 2
968000010917332 3.30124708863621 55.49 -999 2020 9
968000010917343 3.15533603746506 8.11 -999 2020 2
968000010917357 3.41145134213794 56.7 -999 2020 7
968000010917362 3.70337736851235 59.74 -999 2020 6
968000010917366 3.46463855909503 53.11 -999 2020 9
968000010917426 3.62654565902713 52.41 -999 2020 7
968000010917500 3.81577692029836 34.87 -999 2020 5
968000010917542 3.51174971134498 37.2 -999 2020 7
968000010917552 3.56478438450399 22.72 -999 2020 10
968000010917587 3.91986225355554 34.9 -999 2020 7
968000010917588 3.90966298515402 40.25 -999 2020 6
968000010917610 3.8729134416204 34.17 -999 2020 6
968000010917627 3.71550194529328 28.79 -999 2020 10
968000010917628 3.54270096944811 69.32 -999 2020 6
968000010917634 2.80685802951882 1.38 -999 2020 1
968000010917635 3.80318388853534 26.73 -999 2020 10
968000010917647 4.05227059665675 49.91 -999 2020 6
968000010917655 3.20411998265592 8.02 -999 2020 2
968000010917670 3.60616631460762 39.03 -999 2020 9
968000010917693 3.79133970396514 68.6 -999 2020 6
968000010917694 3.48158593636762 59.64 -999 2020 7
968000010917695 3.81895131164017 30.78 -999 2020 2
968000010917696 3.39269695325967 68.86 -999 2020 3
968000010917718 3.85727217356404 33.52 -999 2020 6
968000010917727 3.67541169371486 46.08 -999 2020 6
968000010917729 3.71256552787331 26.79 -999 2020 3
968000010917731 3.58557351862273 45.8 -999 2020 3
968000010917756 3.12188798510368 34.02 -999 2020 5
968000010917767 3.75442478927726 41.67 -999 2020 7
968000010917773 4.13152242891307 43.34 -999 2020 9
968000010917786 3.85205280869785 37.81 -999 2020 9
968000010917791 3.51295107997249 50.06 -999 2020 9
968000010917805 3.58748646541096 53.59 -999 2020 6
968000010917808 3.40122816749811 55.64 -999 2020 7
968000010917811 3.52968695377292 39.92 -999 2020 7
968000010917824 3.61982350045728 69.59 -999 2020 7
968000010917829 3.82406071741865 24.2 -999 2020 9
968000010917835 3.44216608578472 48.16 -999 2020 2
968000010917837 3.84676995353722 44.17 -999 2020 2
968000010917843 3.20844135643857 70.01 -999 2020 6
968000010917848 3.6182573448404 42.22 -999 2020 6
968000010917863 3.81144094367416 43.69 -999 2020 9
968000010917865 3.68975269613916 60.34 -999 2020 7
968000010917873 3.76834205864453 67.82 -999 2020 8
968000010917902 3.59428202881181 34.33 -999 2020 9
968000010917917 3.30770992340481 26.02 -999 2020 6
968000010917919 3.54195347445824 22.18 -999 2020 2
968000010917921 3.55762748842683 60.35 -999 2020 7
968000010917930 3.5327543789925 30.51 -999 2020 9
968000010917938 3.63215348351063 38.9 -999 2020 7
968000010917997 2.88309335857569 74.91 -999 2020 3
968000010918003 3.42651126136458 56.83 -999 2020 4
968000010918010 3.94076543563122 31.84 -999 2020 9
968000010918019 3.69914368739448 23.57 -999 2020 9
968000010918027 3.66029616027073 51.88 -999 2020 4
968000010918028 3.51587384371168 37.03 -999 2020 7
968000010918033 3.88626505902976 33.99 -999 2020 9
968000010918050 3.75595104100413 31.07 -999 2020 9
968000010918067 3.75617951684381 24.07 -999 2020 7
968000010918081 3.76215319230359 17.8 -999 2020 1
968000010918089 3.46982201597816 16.26 -999 2020 2
968000010918093 3.74390155048518 49.12 -999 2020 7
968000010918095 3.79789048305835 46.61 -999 2020 6
968000010918110 3.88354787926804 25.9 -999 2020 1
968000010918112 3.22582599146189 7.92 -999 2020 5
968000010918118 3.70337736851235 31.2 -999 2020 7
968000010918145 3.78972169398092 57.05 -999 2020 9
968000010918146 3.59217675739587 23.86 -999 2020 3
968000010918170 3.57194163507446 67.94 -999 2020 7
968000010918171 2.97173959088778 21.6 -999 2020 5
968000010918188 3.28668096935493 9.65 -999 2020 2
968000010918204 3.14457420760962 62.97 -999 2020 9
968000010918234 2.94448267215017 45.09 -999 2020 4
968000010918248 3.67951874369579 32.98 -999 2020 1
968000010918250 2.99956548822598 33.39 -999 2020 9
968000010918252 2.91907809237607 45.64 -999 2020 7
968000010918262 3.5449357658815 55.28 -999 2020 7
968000010918273 3.88851646107495 20.09 -999 2020 3
968000010918274 2.26245108973043 61.61 -999 2020 6
968000010918295 3.42209716313171 44.86 -999 2020 4
968000010918305 3.85424529706612 33.64 -999 2020 7
968000010918310 4.00847241930272 19.06 -999 2020 7
968000010918331 3.25285303097989 51.91 -999 2020 9
968000010918338 3.63528263799821 34.24 -999 2020 2
968000010918340 3.40654018043396 41.35 -999 2020 7
968000010918355 3.61898892036493 47.22 -999 2020 4
968000010918371 3.41995574848976 48.28 -999 2020 5
968000010918398 3.66978161520854 58.44 -999 2020 9
968000010918410 3.35964579267454 55.48 -999 2020 6
968000010918436 3.20002926655377 49.11 -999 2020 8
968000010918437 3.43980621139333 46 -999 2020 2
968000010918439 3.47114496516063 23.28 -999 2020 2
968000010918452 2.90363251608424 50.36 -999 2020 6
968000010918468 3.13129779659762 16.14 -999 2020 2
968000010918492 2.80002935924413 22.34 -999 2020 4
968000010918499 3.46284703583167 57.35 -999 2020 8
968000010918536 3.72015930340596 53.82 -999 2020 7
968000010918569 3.19005141775921 31.16 -999 2020 2
968000010918592 3.76402660769204 37.58 -999 2020 9
968000010918593 3.44777800929462 72.37 -999 2020 9
968000010918617 3.54257647626053 28.14 -999 2020 7
968000010918627 3.39304846641678 26.8 -999 2020 4
968000010918629 3.51904003864834 36.6 -999 2020 9
968000010918675 3.57321982711442 53.81 -999 2020 3
968000010918699 3.22453306260609 27.49 -999 2020 2
968000010918705 3.18949031369937 66.8 -999 2020 1
968000010918741 3.00302947055362 32.53 -999 2020 4
968000010918746 3.71113207230684 20.61 -999 2020 9
968000010918748 3.6911699341316 31.26 -999 2020 6
968000010918767 3.2674064187529 9.61 -999 2020 4
968000010918803 3.66894473445773 26.09 -999 2020 9
968000010918822 3.34693946269899 69.77 -999 2020 9
968000010918855 3.42586014507784 28.69 -999 2020 1
968000010918869 2.60314437262018 21.16 -999 2020 6
968000010918887 2.99694924849538 33.06 -999 2020 2
968000010918888 3.56122067893394 68.56 -999 2020 6
968000010918889 3.80516090159943 24.77 -999 2020 9
968000010918903 3.4714384073893 56.28 -999 2020 7
968000010918904 2.98181860717066 32.87 -999 2020 2
968000010918914 2.97497199429807 60.4 -999 2020 4
968000010918924 3.64404449281475 33.02 -999 2020 3
968000010918928 3.7856856682809 22.68 -999 2020 7
968000010918936 3.46209838113516 16.34 -999 2020 7
968000010918964 3.28239550474253 65.21 -999 2020 8
968000010918969 3.16106838547117 35.56 -999 2020 2
968000010919012 3.43980621139333 57.11 -999 2020 4
968000010919019 3.3533390953113 14.86 -999 2020 8
968000010919033 2.66181268553726 21.02 -999 2020 7
968000010919039 3.35640832703898 24.44 -999 2020 2
968000010919042 3.24254142829838 69.06 -999 2020 9
968000010919098 3.45178643552429 42.08 -999 2020 6
968000010919099 3.47523522260413 24.3 -999 2020 9
968000010919121 3.05614226205905 56.66 -999 2020 6
968000010919137 3.45316539252586 41.77 -999 2020 3
968000010919148 3.68930885912362 28.12 -999 2020 8
968000010919149 2.35024801833416 37.55 -999 2020 2
968000010919165 3.70165431732575 57.42 -999 2020 8
968000010919167 3.48244479191827 26.17 -999 2020 10
968000010919173 3.6607706435277 35.26 -999 2020 2
968000010919195 3.39216914948974 30.97 -999 2020 2
968000010919203 3.31492005599242 45.15 -999 2020 6
968000010919206 3.04139268515822 48.88 -999 2020 4
968000010919230 3.26528962586083 56.09 -999 2020 7
968000010919241 3.30449052777349 49.73 -999 2020 7
968000010919259 2.77597433112937 11.23 -999 2020 2
968000010919285 2.94645226501307 59.95 -999 2020 8
968000010919303 3.56643749219507 17.34 -999 2020 3
968000010919305 3.35237549500052 32.63 -999 2020 7
968000010919314 3.3727279408856 52.39 -999 2020 9
968000010919355 3.57217431361306 32.84 -999 2020 7
968000010919364 3.45621415535799 51.19 -999 2020 7
968000010919393 3.09760432887441 34.76 -999 2020 2
968000010919394 3.2169572073611 52.72 -999 2020 2
968000010919408 3.71374247840908 51.59 -999 2020 6
968000010919446 3.19506899646859 41.3 -999 2020 6
968000010919485 3.36248247475117 45.3 -999 2020 9
968000010919486 2.65513843481138 24.04 -999 2020 10
968000010919492 3.23603314711764 57.86 -999 2020 3
968000010919500 3.59439255037543 50.38 -999 2020 5
968000010919503 3.67577834167409 37.3 -999 2020 6
968000010919507 3.62736585659273 44.11 -999 2020 7
968000010919512 2.74973631556906 36.67 -999 2020 10
968000010919523 3.59395029526399 30.77 -999 2020 6
968000010919526 3.71758729685546 61.42 -999 2020 6
968000010919547 3.18667386749975 23.38 -999 2020 6
968000010919550 3.40122816749811 73.38 -999 2020 6
968000010919560 3.82814410730379 61.88 -999 2020 6
968000010919561 2.83821922190763 63.66 -999 2020 3
968000010919567 3.97099736557249 41.58 -999 2020 3
968000010919581 3.42176840120692 53.16 -999 2020 3
968000010919591 3.41929472175346 53.64 -999 2020 7
968000010919617 3.55630250076729 33.85 -999 2020 3
968000010919622 3.50009919191572 38.67 -999 2020 9
968000010919625 3.33785842904109 21.29 -999 2020 5
968000010919655 3.51956550088051 61.56 -999 2020 6
968000010919657 3.88149877961498 27.15 -999 2020 6
968000010919659 3.36153897126928 33.14 -999 2020 3
968000010919685 3.19061179781361 8.3 -999 2020 2
968000010919695 3.55594043781851 55.52 -999 2020 10
968000010919704 3.55978696820056 64.3 -999 2020 6
968000010919712 3.71683772329952 38.87 -999 2020 6
968000010919738 3.8285310066451 22.64 -999 2020 2
968000010919750 3.53135116458306 19.74 -999 2020 2
968000010919778 2.82542611776782 1.81 -999 2020 4
968000010919784 3.56773196254807 35.42 -999 2020 6
968000010919785 3.41094585868777 53.94 -999 2020 1
968000010919798 3.22942584792069 41.99 -999 2020 9
968000010919805 3.45560611258187 10.46 -999 2020 2
968000010919820 3.54986118847194 40.08 -999 2020 3
968000010919829 2.95616843047536 41.06 -999 2020 7
968000010919833 3.46404220543881 62.66 -999 2020 10
968000010919854 3.42028588494192 73.72 -999 2020 7
968000010919865 3.67246731306808 22.74 -999 2020 3
968000010919867 2.9434945159061 48.63 -999 2020 9
968000010919884 3.68743977454589 42.54 -999 2020 6
968000010919898 3.48869169831694 14.05 -999 2020 5
968000010919899 3.27554168840131 62.17 -999 2020 9
968000010919906 3.52074547151948 37.8 -999 2020 7
968000010919910 3.31534047662729 7.61 -999 2020 2
968000010919959 2.19865708695442 36.44 -999 2020 2
968000010919981 3.3021143769562 18.96 -999 2020 2
968000010919997 2.63848925695464 1.2 -999 2020 7
968000010920003 3.66548718078281 60.06 -999 2020 6
968000010920035 2.9532763366673 1.41 -999 2020 2
968000010920055 3.36995760734605 54.55 -999 2020 7
968000010920090 3.43296929087441 24.27 -999 2020 9
968000010920100 3.43695733066945 27.16 -999 2020 9
968000010920123 3.56737930765098 55.55 -999 2020 6
968000010920129 3.40857912540867 61.63 -999 2020 9
968000010920132 3.62065647981962 31.46 -999 2020 10
968000010920138 3.67348169707335 53.67 -999 2020 3
968000010920176 2.48855071650044 45.74 -999 2020 7
968000010920179 3.76042248342321 42.3 -999 2020 9
968000010920195 3.49485002168009 29.96 -999 2020 2
968000010920213 2.81023251799508 43.89 -999 2020 7
968000010920214 3.52646851246948 46.43 -999 2020 6
968000010920227 3.15411952551585 52.07 -999 2020 2
968000010920251 3.36828688490213 25.44 -999 2020 9
968000010920265 3.71449740864981 48.46 -999 2020 9
968000010920269 3.20112389720738 61.56 -999 2020 3
968000010920303 3.63042787502502 43.89 -999 2020 9
968000010920354 3.38810120157052 52.83 -999 2020 3
968000010920374 3.65581049449525 44.89 -999 2020 8
968000010920388 3.32715451240943 34.5 -999 2020 3
968000010920397 3.56667313760612 24.4 -999 2020 6
968000010920428 3.68547301972276 50.92 -999 2020 6
968000010920439 3.58905553105234 33.6 -999 2020 7
968000010920442 3.8925954228289 42.33 -999 2020 9
968000010920458 3.58860780474269 30.38 -999 2020 9
968000010920483 3.37493155397819 10.72 -999 2020 2
968000010920492 3.84590383889878 26.45 -999 2020 10
968000010920508 3.09656243837414 49.3 -999 2020 2
968000010920542 3.84160971216844 55.67 -999 2020 7
968000010920555 3.45818443557026 18.88 -999 2020 4
968000010920558 2.9415114326344 68.79 -999 2020 4
968000010920567 3.44420098886416 68.05 -999 2020 9
968000010920570 3.13640344813399 46.3 -999 2020 9
968000011662460 3.44870631990508 140.894682080925 72.2187283236994 2024 1
968000011663338 3.6652056284346 168.346626323752 72.1112102874433 2024 1
968000011666872 2.61909333062674 96.4232535885167 47.617033492823 2024 1
968000011664800 3.5398285583779 157.70724537037 75.9174768518518 2024 1
968000011663643 3.68966396501577 159.564145383104 77.5982907662083 2024 1
968000011664999 3.33945144130644 129.942577319588 59.5436082474227 2024 1
968000011488972 3.34888872307144 131.706281407035 79.3035175879397 2024 1
968000011488558 3.36772854608698 130.917028753994 73.8215015974441 2024 1
968000011662786 3.11193427633268 180.081288659794 65.1213402061856 2024 1
968000011488793 -999 56.5509677419355 43.762688172043 2024 1
968000011664439 3.32428245529769 169.361550387597 73.9433333333333 2024 1
968000188975391 3.25575478664304 124.671188811189 78.6674125874126 2024 1
968000011662051 2.95414598882955 17.398 33.8998 2024 1
968000011488794 3.46686762035411 115.405665236052 52.1776824034335 2024 1
968000011488851 3.28420506770179 142.553884892086 58.8576978417266 2024 1
968000011662856 3.07664044367034 97.3845 63.0367777777778 2024 1
968000011666102 2.8980117387975 25.4819047619048 21.412380952381 2024 1
968000011485368 3.64796945836297 125.817379679144 72.5048930481283 2024 1
968000011485470 3.63828953541426 216.380934343434 66.4250505050505 2024 1
968000011664781 3.68502478510571 130.278456375839 72.0654474272931 2024 1
968000011485778 3.71104760386703 134.632560113154 77.3076520509194 2024 1
968000011488216 -999 137.236989247312 74.8397849462366 2024 1
968000011663648 3.2771506139638 116.572191780822 77.4780821917808 2024 1
968000011488244 3.34947179921439 123.891481481481 76.7892592592593 2024 1
968000011664346 3.35564305022087 134.8 71.4057575757576 2024 1
968000011485499 3.63528263799821 112.486862068966 71.978724137931 2024 1
968000011664163 3.62531245096167 159.121857585139 78.0755108359133 2024 1
968000011664835 3.3151303171836 159.859294871795 79.2904487179487 2024 1
968000011666144 3.36865871239223 168.416987951807 72.9530120481928 2024 2
968000011486067 2.93540648975235 102.926680584551 69.5674530271399 2024 2
968000011663168 3.09691001300806 133.907970779221 51.8504383116883 2024 2
968000011485518 3.43216726944259 140.658584615385 75.9784615384615 2024 2
968000011488547 2.9604707775343 54.5980110497238 44.2697790055249 2024 2
968000011663542 3.64463550376815 144.905805243446 60.9161423220974 2024 2
968000011488502 3.49609899213257 156.851863799283 78.0127240143369 2024 2
968000011485131 3.39410130204004 133.23084592145 77.4151963746224 2024 2
968000011663463 3.38327665040765 158.296084656085 69.593544973545 2024 2
968000011664583 3.05346260492546 171.784111111111 56.2127333333333 2024 2
968000011488638 3.51719589794997 148.134461206897 79.1942456896552 2024 2
968000011662697 3.22685757028872 118.42822616408 72.8538137472284 2024 2
968000011485942 3.21298618473667 102.612795698925 57.6188709677419 2024 2
968000011662201 3.57680189582891 116.586714285714 73.6454761904762 2024 2
968000011485316 2.95317960106563 10.971 13.7385 2024 2
968000011662653 3.11958577496178 101.709710144928 49.7569565217391 2024 2
968000011488189 3.60390183173167 148.516928571429 65.9086428571429 2024 2
968000011663131 3.34713478291002 163.326759776536 75.077374301676 2024 2
968000011488206 3.55774774164147 99.4638036809816 54.5926380368098 2024 2
968000011662607 2.7155855518932 8.731220657277 28.9021596244131 2024 2
968000011663201 3.30728204703335 104.322158273381 56.5814388489209 2024 2
968000011663286 3.27300127206374 110.981339285714 54.9864285714286 2024 2
968000188975409 3.53364497879876 129.372447916667 75.80046875 2024 2
968000011662293 2.9795028487874 9.64529411764706 21.8475490196078 2024 2
968000011663368 3.22141423784234 137.518068669528 76.7130042918455 2024 2
968000011485678 3.48995847942483 143.799712230216 77.3034892086331 2024 2
968000011488987 3.04688519083771 117.3759 58.81845 2024 2
968000011666261 3.37125262912494 155.343854166667 78.5407986111111 2024 2
968000011664764 3.51930284923543 166.303125 69.6411486486487 2024 2
968000011488276 3.2417954312952 174.653012820513 67.7454487179487 2024 2
968000011667018 3.58444430716518 136.149822485207 71.8148520710059 2024 2
968000011663611 2.96184805901832 44.6423093220339 43.4395550847458 2024 2
968000011662339 3.56620171885491 157.011637931034 67.8403879310345 2024 2
968000011488622 3.38614210893082 180.594455445545 74.3935643564356 2024 2
968000011663992 3.42926766643317 145.316962616822 49.5706074766355 2024 2
968000011663660 3.40654018043396 146.210670391061 77.4492737430168 2024 2
968000011663275 3.56761444273084 157.48193814433 69.6945773195876 2024 2
968000011666618 3.33465476688324 159.485699658703 75.4890443686007 2024 2
968000011488915 3.0386201619497 169.569503546099 76.4910638297872 2024 2
968000011664206 3.22968184231768 112.931398305085 60.9756779661017 2024 2
968000011485857 2.84800427149727 -999 -999 2024 2
968000011662237 3.48600518636224 99.5556734693878 65.3489183673469 2024 2
968000011663102 3.31386722036915 145.111926729986 60.6040705563094 2024 2
968000011666356 3.502836638621 164.521131578947 67.2914736842105 2024 2
968000011485169 2.89636084546932 32.4151111111111 33.9365925925926 2024 2
968000011663492 2.87430783312804 15.6268867924528 30.741320754717 2024 2
968000011488341 2.52283531366053 13.3913114754098 18.2414754098361 2024 2
968000011663121 3.08098704691089 147.652304347826 68.9474782608696 2024 2
968000011485922 3.80407124888566 172.421528497409 70.2194300518135 2024 2
968000011663712 3.79344113297766 170.932009569378 79.6261722488038 2024 2
968000011666042 2.84235957333068 77.3812987012987 50.6077489177489 2024 3
968000011662972 2.53058385964512 43.9037323943662 43.4054225352113 2024 3
968000011666369 3.64933485871214 150.279695121951 76.4290548780488 2024 3
968000011485503 2.9158217876204 76.3781443298969 41.7843642611684 2024 3
968000011662841 3.25309558584903 172.071858974359 80.7716025641026 2024 3
968000011663264 3.26363606858811 88.3432773109244 67.6796638655462 2024 3
968000011666871 3.33304402982349 183.531390374332 75.0049197860963 2024 3
968000011485163 3.21165440055318 106.610714285714 62.926746031746 2024 3
968000011488691 3.73271534034999 117.958069498069 73.7344401544402 2024 3
968000011485763 3.38147609027503 123.269796511628 60.2634593023256 2024 3
968000011662659 3.00860017176192 143.878473520249 76.2076012461059 2024 3
968000011663925 3.12580645813953 159.845085714286 65.1513714285714 2024 3
968000011666226 1.50555693866382 0 -999 2024 3
968000011485328 3.22711508258913 159.914186046512 76.7242524916944 2024 3
968000011662507 2.30124708863621 25.9825675675676 38.2443243243243 2024 3
968000011664521 3.15956719323362 119.182890365449 60.5878737541528 2024 3
968000011663366 3.42586014507784 177.659740566038 76.5644103773585 2024 3
968000011666227 2.44901531634779 71.6808571428571 62.8992857142857 2024 3
968000011488979 2.65839302627912 -999 -999 2024 3
968000011485925 2.79000352039049 15.9660227272727 22.3539772727273 2024 3
968000011662858 2.76752689940838 48.5672197309417 41.6974439461883 2024 3
968000011663199 3.64246452024212 178.146175298805 62.3064940239044 2024 3
968000011662158 3.44310645673727 145.040135135135 81.5207094594595 2024 3
968000011663240 3.30189771719521 129.983853211009 56.6637308868502 2024 3
968000011664213 2.68160299873087 20.0953947368421 34.6393421052632 2024 3
968000011662369 3.23578087032756 27.3630718954248 38.5803921568627 2024 3
968000011663250 1.76380222407459 12.3763736263736 22.8407692307692 2024 3
968000011488836 1.85168631544243 12.274 5.7975 2024 3
968000011663699 3.49775871828727 157.90874617737 72.4917125382263 2024 3
968000011666721 3.2137832993353 153.536766467066 76.0920359281437 2024 3
968000011664367 2.19617618503997 18.4185 31.3465 2024 3
968000011666518 2.76604086038139 -999 -999 2024 3
968000011666839 2.76380222407459 11.3016981132075 22.7083018867925 2024 3
968000011666906 3.25188145455253 111.740866666667 72.9524 2024 3
968000011485213 3.66124460895933 189.920068846816 74.2351290877797 2024 3
968000011488431 2.92158244039342 132.387446808511 75.4868085106383 2024 3
968000011662597 3.45024910831936 160.432473309609 71.6677402135231 2024 3
968000011662303 3.35082927358297 125.355 70.346 2024 3
968000011488839 2.9158217876204 24.515 27.4012068965517 2024 3
968000011488861 2.81663894489846 24.5356329113924 30.7512025316456 2024 3
968000011485779 3.27276958655176 158.087470588235 75.4901764705882 2024 3
968000011485373 3.51811894714315 78.0922764227642 60.7794308943089 2024 3
968000011488779 2.46864266839151 31.1756032171582 33.6427077747989 2024 3
968000011664121 3.22297644989339 83.9278820375335 57.6764879356568 2024 3
968000011666048 0 0 -999 2024 3
968000011485768 3.13257984765974 114.757368421053 64.0724561403509 2024 3
968000011663155 3.27415784926368 166.774478764479 58.9907335907336 2024 3
968000011664543 3.20897851727625 49.7608860759494 44.1287974683544 2024 3
968000011663427 3.27114431794908 25.4964772727273 33.8644318181818 2024 3
968000011662463 3.33284226699435 158.105217391304 66.698152173913 2024 3
968000011667014 3.20763436738896 65.0293448275862 50.6850689655172 2024 3
968000011663952 3.4679039465228 147.658509090909 75.0833818181818 2024 3
968000011485158 3.5063697170955 133.421637010676 69.4095729537367 2024 3
968000011663906 3.28668096935493 166.525284090909 68.689375 2024 3
968000011664202 3.29314148345093 85.7740650406504 51.7925203252032 2024 3
968000011485174 3.45147940512486 155.537607361963 75.7439468302659 2024 3
968000011662267 3.65166560392294 121.168921568627 80.9104901960784 2024 3
968000011485824 3.47523522260413 147.207574750831 82.2904318936877 2024 3
968000011488268 3.3914644118391 58.4867857142857 48.9997619047619 2024 3
968000011664295 3.11126251365907 143.552211538462 77.8281730769231 2024 3
968000011488430 3.40976410426635 169.092793522267 74.399008097166 2024 3
968000011666355 3.43727479741012 170.924615384615 76.2697863247863 2024 3
968000188975336 3.21085336531489 161.691451104101 77.8219873817035 2024 3
968000011666193 3.15320490008428 81.1058558558559 53.6935135135135 2024 3
968000011666714 3.17318626841227 158.799301075269 70.5366666666667 2024 4
968000011666577 3.29972515397564 139.143759398496 76.1804511278196 2024 4
968000011486080 3.17347764345299 106.186659038902 76.6676659038902 2024 4
968000011485735 3.41979058610636 170.050277777778 75.7215491452992 2024 4
968000011662120 3.25983269906348 154.182748538012 75.088947368421 2024 4
968000011666397 2.81197694433695 73.6638636363636 57.7761363636364 2024 4
968000011485517 2.92982748123069 123.320101010101 69.5973232323232 2024 4
968000011488420 2.80522891420343 75.2119858156028 61.3368085106383 2024 4
968000011663239 3.34576569311449 161.325533980583 79.3414563106796 2024 4
968000011488419 3.36078268987328 109.014256756757 68.3367342342342 2024 4
968000011663388 3.5358002908249 176.694418604651 80.9800387596899 2024 4
968000011485572 3.5321171162488 103.34012195122 78.1137804878049 2024 4
968000011488379 2.49178177558417 10.9638582677165 23.4252755905512 2024 4
968000011666533 3.20978301484852 128.990161812298 77.675857605178 2024 4
968000011662258 2.33485568961729 18.509696969697 51.7712121212121 2024 4
968000011488679 2.81331405894583 38.6888095238095 34.3273412698413 2024 4
968000011485198 3.23552844690755 135.990434782609 60.1860869565217 2024 4
968000011486015 3.31344537042641 152.713739376771 76.8932294617564 2024 4
968000011663186 3.77114634881499 175.264147727273 75.4600284090909 2024 4
968000011662367 2.94733567594874 157.45 79.3343 2024 4
968000011663247 3.12287092286444 103.208620689655 72.5816091954023 2024 4
968000011485526 3.25575478664304 68.7361304347826 62.4100869565217 2024 4
968000011666359 2.8473875510274 155.198787878788 86.0714141414141 2024 4
968000011666394 0 0 -999 2024 4
968000011488519 1.23070431361257 0 -999 2024 4
968000011663198 3.228400358703 154.569409836066 74.7691803278689 2024 4
968000011666924 3.18098558078673 135.528361581921 83.2910169491525 2024 4
968000011485237 3.17464119266045 164.82966966967 81.3506006006006 2024 4
968000011662826 3.37876117531637 162.680396694215 78.0638016528926 2024 4
968000011664872 3.67951874369579 145.921729559748 77.6697169811321 2024 4
968000011489001 3.70765532353119 179.225593220339 61.9282297551789 2024 4
968000011666562 3.18639121569549 161.198894009217 81.0295852534562 2024 4
968000011488919 3.05576046468773 110.301771428571 77.9334285714286 2024 4
968000011663178 0.602059991327962 0 -999 2024 4
968000011663364 3.09586645347854 146.639471947195 72.8735313531353 2024 4
968000011666684 3.69626899674553 163.475266990291 77.7269902912621 2024 4
968000011666770 3.19228861256812 157.746319018405 83.3758282208589 2024 4
968000011664588 2.85654764485675 37.4699248120301 41.8824060150376 2024 4
968000011663527 3.64335396197686 175.984519427403 79.18081799591 2024 4
968000011485888 3.33122478102073 132.586163522013 72.8522012578616 2024 4
968000011488095 3.64374868545953 139.575519480519 71.5428571428571 2024 4
968000011663668 2.54444013731769 184.428322981366 63.596149068323 2024 4
968000011485246 3.77444396892496 134.85591943958 77.8595971978984 2024 4
968000011486072 3.42764837118693 151.044214417745 80.8621996303142 2024 4
968000011664318 3.39637372753651 160.251239669421 83.704958677686 2024 4
968000011488116 3.46996920949996 150.876118251928 78.4940102827763 2024 4
968000011666732 0 0 -999 2024 4
968000011662519 2.64777405026883 102.565533333333 49.0328666666667 2024 4
968000011663420 3.65485009056139 110.799007633588 75.9557251908397 2024 4
968000011488437 3.61731493329829 152.070217391304 79.1455434782609 2024 4
968000188975403 2.96890303030383 51.2356842105263 46.4648421052632 2024 4
968000011488297 3.53186194909581 166.129521072797 81.4790421455939 2024 4
968000011666913 3.52955867302116 168.211320754717 82.2419245283019 2024 4
968000011485419 3.54752857645978 146.1525 81.2541216216216 2024 4
968000011662271 3.27300127206374 100.00641025641 74.4439316239316 2024 4
968000011485347 2.40517554621799 27.727688172043 55.199247311828 2024 4
968000011488364 3.22297644989339 142.593432835821 67.3985820895522 2024 4
968000011666044 3.69451745381116 -999 -999 2024 4
968000011485252 3.66228551572213 -999 -999 2024 4
968000011663142 3.47129171105894 -999 -999 2024 4
968000011662760 3.15259407792747 180.799565217391 80.5139130434783 2024 4
968000011666332 3.11958577496178 123.549791666667 80.15875 2024 4
968000011664268 3.57611089412084 164.088132118451 73.6942369020501 2024 4
968000011485867 3.18554215485437 165.477746031746 73.2750476190476 2024 4
968000011663887 3.27966694404846 158.65175313059 73.1843470483005 2024 4
968000011663560 3.17580163284828 146.303087885986 76.4689786223278 2024 4
968000011662032 3.14050804303818 172.45902173913 68.9266304347826 2024 4
968000011667015 3.52814507825311 147.4694 78.456 2024 4
968000011485979 3.31260043926126 83.0629069767442 66.3237209302326 2024 4
968000011664266 3.55533632799527 181.773880208333 73.5811197916667 2024 4
968000011666398 3.40756084948636 158.713965087282 82.0577057356608 2024 4
968000011485355 2.72956972630197 83.6622699386503 49.2095705521472 2024 4
968000011485720 3.49651451869775 138.709016393443 81.201393442623 2024 4
968000011666032 3.51534389308838 143.448590785908 76.1152845528455 2024 4
968000011667011 3.65494622658434 139.660945945946 74.4177364864865 2024 4
968000011662805 3.63144376901317 120.369205776173 72.4365703971119 2024 4
968000011663402 3.21537315278342 124.135772357724 63.9537398373984 2024 4
968000011488783 3.34222522936079 97.7038314176245 70.3129885057471 2024 4
968000011663507 3.59195455504674 165.3861003861 76.6391505791506 2024 4
968000011485921 3.66001122128933 170.425412844037 74.006631716907 2024 4
968000011662617 3.58972625625424 125.022803030303 72.812196969697 2024 4
968000011485837 2.69407846208076 31.2716129032258 35.08 2024 4
968000011488814 2.8885725968576 33.0621764705882 34.9254117647059 2024 4
968000011664860 3.59725628292514 156.94779342723 76.3059154929578 2024 4
968000011663005 3.16166741243774 173.702025316456 76.7092405063291 2024 4
968000011663480 3.78268756823497 176.113776824034 78.4815879828326 2024 5
968000011662631 3.55798814822491 81.417264957265 54.4809401709402 2024 5
968000011485916 3.2291697025391 141.053955223881 77.8117164179104 2024 5
968000011662633 2.85412378210117 19.1804913294798 26.2127456647399 2024 5
968000011666669 3.37857957611577 167.823593073593 70.721341991342 2024 5
968000011666512 2.85107480522889 106.219109589041 67.9945205479452 2024 5
968000011485427 3.12580645813953 92.06925 72.036125 2024 5
968000011488488 3.39093510710338 152.405642857143 78.0162142857143 2024 5
968000011662625 3.44232295574557 162.927448559671 85.591646090535 2024 5
968000011488508 3.71808629478309 153.271855670103 70.0239175257732 2024 5
968000011485587 3.40976410426635 172.876287878788 81.2366666666667 2024 5
968000011662301 3.81164202145315 138.160907216495 67.0560206185567 2024 5
968000011663214 3.79816705971594 155.390521327014 73.5662322274882 2024 5
968000011662241 2.9226216715232 164.095677083333 68.8396875 2024 5
968000011664309 3.31302311032324 134.983898305085 71.2084745762712 2024 5
968000011662337 3.58353881925435 165.702923351159 80.0363458110517 2024 5
968000011666031 3.49023948524629 157.73756097561 78.6985365853659 2024 5
968000011662952 2.86075712308154 42.225 40.625 2024 5
968000011663457 3.57795112772976 167.676346153846 79.9014423076923 2024 5
968000011664910 3.65533055800934 117.026802030457 56.4371573604061 2024 5
968000011488635 3.56062387454993 145.001867219917 80.0910373443983 2024 5
968000011488585 3.39585037601878 159.19577540107 68.8247326203209 2024 5
968000011666321 3.73854274092879 131.024090909091 83.0546103896104 2024 5
968000011666582 3.05230909964732 123.502297297297 70.7802702702703 2024 5
968000011664766 3.44388854677737 162.610763358779 70.6303816793893 2024 5
968000011488744 3.3336487565147 157.338930232558 74.1975348837209 2024 5
968000011488682 3.42634857378751 145.44012195122 76.2942276422764 2024 5
968000011664465 3.35869609957381 166.245466666667 72.7935555555556 2024 5
968000011666947 3.10619089726342 166.249230769231 80.1564835164835 2024 5
968000011488667 3.20897851727625 145.044197530864 66.1495061728395 2024 5
968000011663505 3.70535046288571 161.080524271845 70.5736504854369 2024 5
968000011488218 3.13672056715641 173.865567010309 81.3570103092784 2024 5
968000011663822 2.85654764485675 181.793887399464 73.9001072386059 2024 5
968000011488120 2.63286204010023 10.3753409090909 20.1281818181818 2024 5
968000011662110 3.54592532935584 175.696229116945 79.1754415274463 2024 5
968000011666264 1.8264635490928 37.5783870967742 34.1817741935484 2024 5
968000188975324 3.35907622605926 114.813154761905 61.0195833333333 2024 5
968000011662462 3.45999525604739 157.963347457627 79.1300423728814 2024 5
968000011666172 2.72139837552151 7.70754838709677 51.182 2024 5
968000011666844 2.80434391847987 183.705815217391 80.6038858695652 2024 5
968000011485960 2.8059084550742 49.30904 49.68328 2024 5
968000011488807 2.88575688106927 64.5008053691275 46.649932885906 2024 5
968000011485934 3.7070589406276 176.081724137931 67.4379491833031 2024 5
968000011664478 3.47041049097593 174.5670625 75.0128125 2024 5
968000188975331 3.17172645365323 151.446580310881 58.4729274611399 2024 5
968000011485959 2.2043913319193 22.6204819277108 21.571686746988 2024 5
968000011666459 2.43007505555194 5.21381578947368 20.8347368421053 2024 5
968000011662623 -999 31.5744230769231 32.79375 2024 5
968000011663456 3.05269394192497 110.445214007782 76.2510894941634 2024 5
968000011485507 3.40773072802634 159.06725631769 78.6240433212996 2024 5
968000011664993 3.2397998184471 144.603322033898 72.8733559322034 2024 5
968000011489058 3.10174707394637 162.713619302949 79.113672922252 2024 5
968000011664090 3.54666602507018 167.214740484429 71.1975432525952 2024 5
968000011663805 3.01953168453126 45.4275 41.1375 2024 5
968000011662532 3.36229393796423 178.858664987406 71.8218639798489 2024 5
968000011663404 3.63798978078469 170.439544554455 80.7499207920792 2024 5
968000011488387 3.68690426956818 165.5725 74.719631147541 2024 5
968000011666854 3.17638069224327 115.850928571429 61.9372857142857 2024 5
968000011488321 0 0 -999 2024 5
968000011666959 3.61542395288594 155.224610244989 76.3805345211581 2024 5
968000011488536 2.47450763911698 54.9210062893082 47.8882704402516 2024 5
968000011488202 2.64384731029971 108.002448979592 64.4822448979592 2024 5
968000011663602 0 0 -999 2024 5
968000011662259 3.6368889069838 158.73835443038 74.8384810126582 2024 5
968000011664605 2.19893186993221 11.8414606741573 20.9215730337079 2024 5
968000011662983 2.70714418834245 141.153913043478 83.1473913043478 2024 5
968000011488273 3.44684771015581 160.372085561497 81.1872192513369 2024 5
968000011666918 3.33545790068938 157.579720930233 84.0319069767442 2024 5
968000011488524 3.20303288701471 157.958 65.9908461538461 2024 5
968000011666457 2.90183959205123 9.85858565737052 21.7341832669323 2024 5
968000011485458 3.3600250891894 161.298046875 71.814453125 2024 5
968000011664753 3.18836592606315 24.5436440677966 36.1746610169492 2024 5
968000011485399 2.81197694433695 178.439411764706 73.3210924369748 2024 5
968000011664675 3.54604886640173 -999 -999 2024 5
968000011666469 3.58467038446435 158.384960629921 74.2995275590551 2024 5
968000011488754 3.59780484240429 156.441456953642 83.9147682119205 2024 5
968000011485670 3.68663626926229 87.9499371069182 72.1652830188679 2024 5
968000011662050 2.81063570027554 13.3353333333333 26.3563333333333 2024 5
968000011666231 3.72238709417712 149.219565217391 78.5155942028986 2024 5
968000011663613 2.60681114691896 21.6859638554217 30.5838554216867 2024 5
968000011663336 3.4568213480216 160.710853080569 83.0781042654028 2024 5
968000011662604 3.53339070801755 143.425608465608 75.212328042328 2024 6
968000011664354 3.49108141342319 182.476525714286 71.8799314285714 2024 6
968000011486053 3.33984878303764 165.296341463415 74.2969105691057 2024 6
968000011664276 3.20547503674089 140.83725 65.460875 2024 6
968000011663094 3.42748610909579 170.399390243902 72.9406707317073 2024 6
968000011488718 3.54007908880417 150.695555555556 82.2304888888889 2024 6
968000011485333 3.77393264746765 150.137432432432 76.3116216216216 2024 6
968000011666494 3.61363043492524 135.565205479452 79.3833789954338 2024 6
968000011488975 3.3911116137028 170.986477832512 77.9396551724138 2024 6
968000011662789 3.40891802084678 176.531947674419 74.0749709302326 2024 6
968000011662263 3.30535136944662 111.689589552239 73.1671641791045 2024 6
968000011662882 3.28757780907871 186.536033519553 69.3069273743017 2024 6
968000011663514 3.85119717617416 166.190573248408 80.8242675159236 2024 6
968000011666366 3.53592674139557 152.314444444444 60.2355555555556 2024 6
968000011488452 3.63678868903438 178.030871934605 80.0923978201635 2024 6
968000011663141 3.59802407233419 149.586863905325 77.997100591716 2024 6
968000011663401 3.59604700754544 143.844074074074 72.0246296296296 2024 6
968000011488369 3.75754785346924 163.036424242424 68.9506666666667 2024 6
968000011485294 3.8319976772359 104.307894736842 77.5047368421053 2024 6
968000011662605 3.67135800344349 183.723859649123 74.2511228070175 2024 6
968000011488226 3.48995847942483 152.892039800995 82.6441791044776 2024 6
968000011488573 3.25382243870807 175.854972067039 71.3308938547486 2024 6
968000011666565 3.7300551523755 140.918914443422 76.4488500459982 2024 6
968000011488574 3.22010808804005 141.706188118812 62.5020297029703 2024 6
968000011485182 3.86876195821205 162.461153081511 83.6377932405567 2024 6
968000011486075 3.25042000230889 165.763435114504 83.2206870229008 2024 6
968000011662217 3.37602918172818 167.995914396887 80.5062645914397 2024 6
968000011663881 3.60444206626072 185.761445783133 82.5064457831325 2024 6
968000011663847 3.63808972198451 142.817333333333 74.0213846153846 2024 6
968000011663277 3.58613702523079 157.594549180328 81.3777868852459 2024 6
968000188975321 2.73838412351216 30.0021518987342 36.1437974683544 2024 6
968000011488721 3.58035466110659 160.193333333333 79.1221666666667 2024 6
968000011663419 2.33284226699435 90.3443023255814 37.7905813953488 2024 6
968000011663081 3.62971533264713 167.868612244898 78.2919183673469 2024 6
968000011662354 3.59095323518799 175.363047808765 71.2434661354582 2024 6
968000011663988 3.14581771449183 138.484173228346 79.1267716535433 2024 6
968000011664624 3.5358002908249 165.122916666667 75.6745138888889 2024 6
968000011488504 2.97446563573724 10.048350877193 18.7964561403509 2024 6
968000011666821 3.42764837118693 127.90280334728 75.5520083682008 2024 6
968000011663581 3.30813737863804 164.580989010989 81.3203296703297 2024 6
968000011662737 3.66791968531736 186.467831439394 59.5591761363636 2024 6
968000011488248 3.85955857262605 112.622578125 81.1412109375 2024 6
968000011662929 3.44200915914095 179.593726415094 78.2464622641509 2024 6
968000011662455 3.59549622182557 177.469863945578 74.6890136054422 2024 6
968000011662646 3.34888872307144 170.367644787645 78.3176447876448 2024 6
968000011488494 3.74178169614317 173.757676438654 74.2793268186754 2024 6
968000011485097 3.42111012979343 156.375872093023 68.6430813953488 2024 6
968000011664257 3.42028588494192 170.317298578199 78.3212796208531 2024 6
968000011664808 3.39392600658584 155.359215686274 70.5304901960784 2024 6
968000011485496 2.86846809902099 12.1138897396631 43.5120367534456 2024 6
968000011488376 3.95583201023242 167.89558985667 76.785203969129 2024 6
968000011666783 3.055378331375 70.6211688311688 58.4394155844156 2024 6
968000011662482 2.48897352472651 73.5247422680412 39.6184536082474 2024 6
968000011485766 3.22297644989339 182.220825 75.95855 2024 6
968000011488705 3.19728055812562 144.034342105263 75.7043045112782 2024 6
968000011485238 3.44294986957786 116.862268518519 76.4056018518519 2024 6
968000011663163 3.40908736944783 98.354048582996 76.5216194331984 2024 6
968000011666874 3.4900990050633 173.034054054054 72.9962462462462 2024 6
968000011663002 3.2718416065365 66.987602739726 67.1997945205479 2024 6
968000011662613 3.27989498001164 151.730262008734 83.3749781659389 2024 6
968000011666453 3.52646851246948 135.991111111111 83.0833950617284 2024 6
968000011662958 3.10140335055533 141.681413043478 80.1646739130435 2024 6
968000011662182 3.51361707378787 175.186481257557 72.4734340991536 2024 6
968000011488352 3.63998424804159 152.760571428571 81.0292727272727 2024 6
968000011666132 3.47813342810052 164.193542168675 82.1267228915663 2024 6
968000011488810 1.07954300740291 5.43666666666667 8.51833333333333 2024 6
968000011662914 3.83372069044463 173.715305216426 78.4023307436182 2024 6
968000011663323 3.42094540592197 163.282401055409 79.1986279683377 2024 6
968000011488274 3.62055244472944 112.787142857143 75.6542016806723 2024 6
968000011662450 3.2718416065365 160.769653465347 76.980198019802 2024 6
968000011488306 2.86551851907477 44.8012121212121 46.7551515151515 2024 6
968000011485254 3.5108130105125 115.839473684211 76.819649122807 2024 6
968000011663789 3.07003786660776 39.2525210084034 41.0348739495798 2024 6
968000011662392 3.42569721336259 156.7922 85.6179 2024 6
968000011485133 3.66351247041516 133.629096385542 81.2394578313253 2024 6
968000011666286 3.48086892368717 124.317224489796 80.234612244898 2024 6
968000011488933 2.89691184082603 13.7302702702703 50.5089189189189 2024 6
968000011488119 3.22193559982801 142.889591836735 78.8431632653061 2024 6
968000011666273 3.22942584792069 187.535818505338 73.5616192170819 2024 6
968000011662469 3.86823286842246 151.051688 71.319448 2024 6
968000011485141 3.90341558576909 91.559315403423 71.8622738386308 2024 6
968000011488257 3.6222140229663 109.17974522293 73.9866878980892 2024 6
968000011666970 3.08206693428511 143.752404494382 80.4320449438202 2024 6
968000011488858 3.70680309703734 169.352949308756 76.492980030722 2024 6
968000011666254 3.42942926438179 140.987948717949 75.7614328808447 2024 6
968000011486004 3.62252486240357 142.68717884131 80.3935768261965 2024 6
968000011666704 2.94684511396062 76.28825 54.3035833333333 2024 6
968000011489028 3.22711508258913 84.0297802197802 69.0593406593407 2024 6
968000011666629 0.954628377507271 0 -999 2024 6
968000011662346 3.78511619502192 105.055594493116 72.9079974968711 2024 6
968000011488168 3.62376600013393 111.969255319149 70.338085106383 2024 6
968000011664416 3.76132632242146 155.402701863354 77.0573602484472 2024 6
968000011488757 3.49094120535679 -999 -999 2024 7
968000011488180 3.50799072481969 123.965539215686 67.4555882352941 2024 7
968000011488514 3.61468634228201 149.569515789474 79.2786315789474 2024 7
968000188975328 3.10551018476997 90.2272222222222 56.1529166666667 2024 7
968000011662047 3.54802069490553 159.44100591716 75.5297534516765 2024 7
968000011488713 3.55930801090701 146.474401114206 82.338356545961 2024 7
968000011662575 2.9293167267535 147.294128440367 71.9251376146789 2024 7
968000011664284 3.55083960506578 163.098084291188 80.6270689655172 2024 7
968000011485559 3.19340290306242 148.311276595745 80.695390070922 2024 7
968000011662651 3.10482840365366 169.953333333333 88.7305072463768 2024 7
968000011666410 3.49276038902684 140.511022727273 82.4664772727273 2024 7
968000011666150 3.11461098423217 159.334905660377 71.5994339622642 2024 7
968000011488177 3.37602918172818 156.42085106383 86.2658723404255 2024 7
968000011485655 3.6756867086994 104.84399103139 81.2109865470852 2024 7
968000011488952 3.40602894496361 141.442441860465 78.3044186046512 2024 7
968000011663165 3.62179922400267 146.774314928425 77.5570961145194 2024 7
968000011485221 3.6220066730068 136.932409240924 80.3974587458746 2024 7
968000011488743 3.18639121569549 147.355391304348 78.0173913043478 2024 7
968000011664554 3.45606222445495 157.315668202765 81.3169585253456 2024 7
968000188975428 3.11760269169008 117.740869565217 80.1440579710145 2024 7
968000011666163 3.75404238678544 170.969220103986 77.1105199306759 2024 7
968000011666281 3.03261876085072 167.920809248555 74.2621387283237 2024 7
968000011663226 3.68681495450732 166.836184971098 74.825 2024 7
968000011485723 3.74849812661374 173.70401055409 74.9757124010554 2024 7
968000011485207 3.78859255592036 147.776070038911 75.689280155642 2024 7
968000011485149 3.42340972773309 157.984894514768 81.4928270042194 2024 7
968000011485893 3.73086299204649 149.338704819277 81.7925301204819 2024 7
968000011663639 3.47436197603263 155.620092592593 81.4467592592593 2024 7
968000011488343 3.53160663193272 170.729799498747 80.4470175438596 2024 7
968000011488881 3.22788670461367 133.039444444444 80.9517222222222 2024 7
968000011664334 2.25791845031406 9.93132653061224 63.3390816326531 2024 7
968000011666813 2.46716396596909 23.3584920634921 24.4620634920635 2024 7
968000011664986 3.44669246637153 168.850743243243 78.4285585585586 2024 7
968000011666466 3.49927458189222 140.028086185044 72.0397465145754 2024 7
968000011488787 3.30492116190089 147.865613207547 79.6217924528302 2024 7
968000011488232 3.11193427633268 141.216434108527 67.3542118863049 2024 7
968000011666982 3.04178731897175 136.07280155642 68.0127237354086 2024 7
968000011663938 3.36040405472994 146.995075987842 80.9407902735562 2024 7
968000011488152 3.2145789535705 94.8595555555556 75.6176111111111 2024 7
968000011486003 3.77865763194736 20.7862037037037 61.9375925925926 2024 7
968000011485369 2.95563965302325 176.725793650794 78.882123015873 2024 7
968000011662899 3.3003780648707 185.62433460076 62.0377566539924 2024 7
968000011664912 3.63174807439657 187.22595959596 69.9184242424242 2024 7
968000011489045 3.4945719842302 153.700154061625 73.098837535014 2024 7
968000011488195 3.07298474462793 167.964107142857 75.8670535714286 2024 7
968000011662844 1.71642073384655 0 -999 2024 7
968000011488106 3.44746813094976 173.931302816901 61.2777816901408 2024 7
968000011485628 2.87139778148748 134.607619047619 74.8996428571429 2024 7
968000188975352 3.13225968953104 131.109057971014 67.5642753623188 2024 7
968000011488442 3.46089784275655 96.5745643153527 66.3382572614108 2024 7
968000011663958 3.22685757028872 51.8124637681159 49.9902898550725 2024 7
968000011662309 3.1034616220947 162.035388513514 72.0504898648649 2024 7
968000011663146 0 0 -999 2024 7
968000011663140 3.01157044359728 173.05252173913 77.7877391304348 2024 7
968000011662579 3.50731604007641 161.291693227092 78.4958964143426 2024 7
968000011485392 3.67135800344349 142.129925093633 80.6954307116105 2024 7
968000011666301 2.71974549252958 126.858484848485 90.2942424242424 2024 7
968000011664328 3.33102217104183 143.353403361345 78.7085294117647 2024 7
968000011488167 3.7008767083769 165.548958990536 73.7489905362776 2024 7
968000011488368 2.97813484739829 170.603762376238 84.6452475247525 2024 7
968000011663292 3.56702636615906 150.047490118577 80.4777470355731 2024 7
968000011662368 3.16643011384328 109.37376146789 72.1940366972477 2024 7
968000011488930 3.11159852488039 165.704247311828 84.9904838709677 2024 8
968000011666262 3.16761267272753 164.327802690583 82.4831390134529 2024 8
968000011663762 3.67495294804857 172.795282392027 84.3867109634551 2024 8
968000011486019 3.51134851549021 89.5353644314869 67.3374635568513 2024 8
968000011662442 3.05153839051533 140.567543859649 85.6163157894737 2024 8
968000011485365 1.9448773059637 15.83 38.88875 2024 8
968000011663824 2.97676252326746 26.2342647058824 38.2327941176471 2024 8
968000011663079 1.88688535898601 59.1618620689655 54.2736551724138 2024 8
968000011666564 3.27137687189407 14.2735519125683 25.9372677595628 2024 8
968000011663266 3.13861843389949 127.079754385965 78.6892280701754 2024 8
968000011662168 2.9308471916825 124.179163346614 81.7033466135458 2024 8
968000011663049 2.95660058821318 20.5091326530612 16.6931632653061 2024 8
968000011663804 3.580468783951 40.7912698412698 41.0585714285714 2024 8
968000011488546 3.51574141666937 147.068854415274 81.1931026252983 2024 8
968000011485584 3.34399906905716 130.064111675127 77.7496954314721 2024 8
968000011663050 3.42878251149695 96.5935666666667 70.28485 2024 8
968000011664702 -999 188.146090534979 82.2558024691358 2024 8
968000011666990 2.19893186993221 19.8593939393939 25.3787878787879 2024 8
968000011662434 3.26528962586083 113.624050179211 64.8829749103943 2024 8
968000011666678 3.50758603976301 170.134878892734 82.3597923875433 2024 8
968000011488101 3.39585037601878 158.93304 86.6624 2024 8
968000011662232 3.34380233316165 131.919887920299 74.1439103362391 2024 8
968000011485136 3.48258776952677 169.775127701375 79.6730058939096 2024 8
968000011666173 3.29928933408768 149.422625899281 67.4544964028777 2024 8
968000011662229 2.97676252326746 108.224836601307 66.6223529411765 2024 8
968000011485647 3.30920417967041 94.6832727272727 73.6274090909091 2024 8
968000011485987 3.48501121457857 108.874047619048 72.2063852813853 2024 8
968000011485515 3.22271647114758 121.586822916667 74.2433333333333 2024 8
968000011488205 1.00039068924991 0 -999 2024 8
968000011662649 3.01410032151962 135.67253164557 83.3058227848101 2024 8
968000011663314 3.45453998496482 178.450827423168 77.216926713948 2024 8
968000011666110 3.29025726939452 166.525505617978 82.9061797752809 2024 8
968000011488974 3.45909078960059 139.727339449541 84.0530886850153 2024 8
968000011663219 3.09447112864164 150.785864197531 83.2916666666667 2024 8
968000011485593 3.13703745478951 127.855625 82.2952840909091 2024 8
968000011485183 3.65369479531508 92.3068518518518 57.0288425925926 2024 8
968000011666402 3.35583449588494 175.883946957878 79.6007644305772 2024 8
968000011662764 3.21958452621425 168.003291139241 87.5283544303797 2024 8
968000188975328 3.08813608870055 85.4293607305936 68.6683561643836 2024 8
968000011664554 3.25887662937213 150.832566371681 78.6443362831858 2024 8
968000011663799 3.50555693866382 171.724494252874 74.6384712643678 2024 8
968000011663170 3.56300618706179 167.08602739726 71.5841894977169 2024 8
968000011666814 3.43806745045349 148.186842105263 83.0878362573099 2024 8
968000011488629 3.07114529045108 63.8554098360656 59.5927868852459 2024 8
968000011488713 2.92365842179331 146.681687898089 74.0626433121019 2024 8
968000011662686 3.64748077317368 166.324795918367 79.0601275510204 2024 8
968000011663751 3.32469391386177 163.257731277533 80.0673127753304 2024 8
968000011663551 2.7570162347313 116.259339622642 79.3558490566038 2024 8
968000011663016 3.15775888604686 158.197407407407 86.0864197530864 2024 8
968000011662353 3.5584685625238 159.250576131687 81.5662551440329 2024 8
968000011488563 3.07845681805329 144.844827586207 78.8339655172414 2024 8
968000011662759 3.55230310933835 173.728699878493 69.6163791008506 2024 8
968000011662571 3.45423489574827 139.822977777778 80.2235555555555 2024 8
968000011485167 3.58613702523079 153.648314176245 78.8841762452107 2024 8
968000011488425 1.36210531929377 0 -999 2024 8
968000011662233 3.30168094929358 179.905386221294 79.7557620041754 2024 8
968000011663747 1.73279569828933 0 -999 2024 8
968000011488732 2.44122367424261 60.6619047619048 69.402380952381 2024 8
968000011662046 3.57345182203549 118.835952380952 71.8742261904762 2024 8
968000011488520 3.45101845215546 159.897948717949 81.0389010989011 2024 8
968000011663252 3.65417654187796 120.63280334728 77.165460251046 2024 8
968000011666681 3.16106838547117 156.877117794486 77.8540601503759 2024 8
968000011485972 3.01283722470517 107.970449438202 73.1407865168539 2024 8
968000011664881 3.55594043781851 152.92340862423 81.1171047227926 2024 8
968000011664197 3.43472854177976 152.374979253112 76.6576556016598 2024 8
968000011663846 2.45666962942376 16.5325641025641 26.5182905982906 2024 8
968000011663914 3.40449161775869 152.636877828054 85.7197285067873 2024 8
968000011488227 3.28623185402855 162.203524590164 74.605 2024 8
968000011488514 3.66114985724479 152.016293859649 80.8133552631579 2024 8
968000011485502 3.31785448933147 153.4875 77.1477941176471 2024 8
968000011485906 2.86314434625267 88.717052631579 65.1571578947368 2024 9
968000011666816 3.27021285489624 165.595291005291 89.4200529100529 2024 9
968000011664343 3.37876117531637 167.292989536622 74.704932735426 2024 9
968000011488920 3.04375512696868 136.296218905473 77.365671641791 2024 9
968000011663708 3.51295107997249 150.747803468208 82.7304624277457 2024 9
968000011662043 3.15503222879097 144.871585365854 77.2304878048781 2024 9
968000011664905 3.58069693971244 160.54575045208 78.4866546112116 2024 9
968000011489027 1.69081605798092 71.7844444444444 56.1955555555556 2024 9
968000011663206 2.93591013643051 180.179823529412 85.9327058823529 2024 9
968000011488302 3.44886084560744 162.495309446254 82.469674267101 2024 9
968000011663306 3.41614103116833 183.353088023088 71.5435930735931 2024 9
968000011666400 3.40414924920969 150.909084745763 76.2047457627119 2024 9
968000011664561 3.52737208282761 147.558784313725 76.5856862745098 2024 9
968000011662678 3.50718097726024 157.185538057743 79.029501312336 2024 9
968000011662154 3.51454775266029 137.995406593407 81.864043956044 2024 9
968000011663918 3.47610671684019 156.340021978022 78.1003076923077 2024 9
968000011663888 3.66651798055488 120.695465116279 65.4201744186046 2024 9
968000011664589 2.95851610342304 119.323172043011 68.6855376344086 2024 9
968000011663340 3.38129562300383 156.203879781421 82.7510928961749 2024 9
968000011662523 3.28443073384452 132.361572769953 77.9980516431925 2024 9
968000011488250 3.20736503746907 175.28881147541 76.5955737704918 2024 9
968000011662200 2.10414555055401 24.983125 39.589375 2024 9
968000011663226 3.64345267648619 175.033843612335 71.763050660793 2024 9
968000011663119 3.19645254170339 146.826206896552 81.3156157635468 2024 9
968000011663093 3.15624619039734 100.02307106599 75.7746446700508 2024 9
968000011662695 2.9308471916825 109.438606557377 78.765737704918 2024 9
968000011662400 3.83225337019701 154.777433962264 71.5769622641509 2024 9
968000011485723 3.71516735784846 151.403015075377 80.4645728643216 2024 9
968000011485563 2.93439744078099 155.893673469388 88.0565306122449 2024 9
968000011663259 3.38810120157052 111.935916666667 84.67575 2024 9
968000188975358 3.35698140099313 156.09722675367 80.5776182707993 2024 9
968000011662573 3.12352498094273 173.502177419355 77.0878225806452 2024 9
968000011664893 3.7049222912234 169.872953020134 76.1940268456376 2024 9
968000011662903 3.22141423784234 164.127452830189 82.1031132075472 2024 9
968000011663337 3.47450763911698 182.439969230769 73.3363384615385 2024 9
968000011662744 3.28443073384452 151.151079545455 73.3564204545455 2024 9
968000011662981 3.24402958903002 133.234663212435 77.6813471502591 2024 9
968000011666433 3.46463855909503 137.550625 77.22828125 2024 9
968000011662996 3.43964842956347 163.913374689826 77.6128908188586 2024 9
968000011488175 3.7555699806288 168.008707692308 68.8370769230769 2024 9
968000011662142 3.52737208282761 96.01 57.5909401709402 2024 9
968000011663982 3.50133317864557 181.36552742616 84.3930168776371 2024 9
968000011488963 3.326949994166 173.575783475783 84.2609686609687 2024 9
968000011486025 3.50078517291746 117.286403508772 82.2470175438597 2024 9
968000011666382 3.26007138798507 151.985647058824 81.9178823529412 2024 9
968000011662487 3.68421679513888 159.355724637681 86.2352173913043 2024 9
968000011485757 3.7469454096151 140.051134020619 81.0538144329897 2024 9
968000011664600 3.16938049531195 162.348977272727 77.5270454545455 2024 9
968000011663625 3.49094120535679 160.627592592593 74.3235185185185 2024 9
968000011485617 3.52283531366053 174.322714870396 76.7129604365621 2024 9
968000011488548 3.31048089146268 159.135196629213 79.5803370786517 2024 9
968000011663358 3.62117628177504 148.184318181818 82.2069545454546 2024 9
968000011488973 3.46996920949996 172.302208835341 85.6530120481928 2024 9
968000011666262 3.22993768590793 167.979268292683 82.7783275261324 2024 9
968000011663469 2.9698350930758 34.3191935483871 35.1929032258065 2024 9
968000011666954 0.699317301021382 0 -999 2024 9
968000011666867 3.5641924606262 153.994591439689 84.8152529182879 2024 9
968000011488724 2.90944904698127 116.527096774194 74.4995340501792 2024 9
968000011663129 3.16226561429802 117.321654676259 73.998417266187 2024 9
968000011488928 3.42553422049826 131.30574025974 81.3965974025974 2024 9
968000011662928 2.69844853801533 95.3889130434783 59.4010869565217 2024 9
968000011666340 3.22814360759774 147.888555555556 75.7195555555556 2024 9
968000011664079 3.6238692683503 160.406282527881 80.7060223048327 2024 9
968000011662447 2.92469270302019 34.8069230769231 41.6576923076923 2024 9
968000011485386 3.57726195358581 163.35110817942 82.7034300791557 2024 9
968000011488775 3.58883172559421 149.238465116279 82.5034418604651 2024 9
968000011485287 2.9448773059637 16.3550393700787 40.3875590551181 2024 9
968000011664621 3.61919771579295 171.437663316583 80.7331658291457 2024 9
968000011485128 2.40174508223706 13.9640540540541 10.8424324324324 2024 9
968000011489015 3.59549622182557 147.793366880146 76.1369075937786 2024 9
968000011662121 2.64286005258449 173.151720430108 62.2413978494624 2024 9
968000011666147 3.50474263627169 153.382969984202 80.2460821484992 2024 9
968000011664722 2.38039216005703 13.2221993127148 23.0447422680412 2024 9
968000011662835 1.84547013298167 0 -999 2024 9
968000011488424 2.87834942221778 41.652125 33.92475 2024 9
968000011485893 3.64374868545953 125.48956928839 70.1034769038702 2024 9
968000011662557 2.9308471916825 20.71 56.1424770642202 2024 9
968000011663416 3.58251788360406 138.9628 77.2148 2024 9
968000011664991 3.1102529173534 154.636794871795 82.2287606837607 2024 9
968000011488418 3.22036963245139 142.347898089172 76.9216560509554 2024 9
968000011666319 3.19228861256812 68.6669105691057 54.9882113821138 2024 9
968000011488780 3.55364033623135 134.068900112233 79.0415824915825 2024 9
968000011488831 3.42781057267599 174.318686131387 77.1611532846715 2024 9
968000011664004 3.26552533521907 164.869302325581 75.0542790697674 2024 9
968000011488164 3.50691072555152 169.1742 70.8910909090909 2024 9
968000011664551 3.63548374681491 149.631874145007 73.5778796169631 2024 9
968000011663410 3.08206693428511 88.9763106796116 66.5090291262136 2024 9
968000011662269 3.19228861256812 126.687085427136 79.6998994974874 2024 9
968000011488685 3.51574141666937 156.660479233227 78.6341214057508 2024 9
968000011485645 3.75518858560832 179.095539215686 71.7159803921569 2024 9
968000011663363 2.58692470814482 8.49576 30.46088 2024 9
968000011666280 3.58939102313693 155.786348837209 81.5372790697674 2024 9
968000011662642 3.37548071461857 152.782392086331 81.3494964028777 2024 9
968000011485242 0.301247088636211 0 -999 2024 9
968000011666178 3.15594301797184 166.796409266409 84.9453281853282 2024 9
968000011662951 3.36417563277062 122.687323943662 82.0559154929578 2024 9
968000011666951 3.18241465243455 140.666548672566 82.0830088495575 2024 9
968000011488414 3.46893780566546 143.318495821727 77.5828412256267 2024 9
968000011666692 0.699317301021382 144.288947368421 87.9183157894737 2024 9
968000011662490 3.28510702956681 -999 -999 2024 9
968000011663479 3.39967372148104 133.813668639053 80.5308284023669 2024 9
968000011666742 0 0 -999 2024 9
968000011662885 3.24378191609379 163.153191489362 81.1373936170213 2024 9
968000011662168 3.50718097726024 171.240891089109 80.7340924092409 2024 9
968000011663167 3.39462676427221 155.64659643436 76.7782171799028 2024 9
968000011485340 3.5278875659527 136.882721774194 79.8146370967742 2024 9
968000011666200 3.59747578987038 122.282960199005 74.6479850746269 2024 9
968000011666174 3.32387060654051 157.495908045977 80.4740459770115 2024 9
968000011662368 3.23929947912689 154.956435643564 87.5683168316832 2024 9
968000011488223 3.60541279815305 149.127670250896 75.8237634408602 2024 9
968000011663938 3.43584436598444 98.8593181818182 80.6879545454545 2024 9
968000011489020 2.99383286661399 131.642921348315 84.1430337078652 2024 9
968000011485708 3.61257195406518 136.430666666667 82.1833684210526 2024 9
968000011485680 3.51785541893003 160.612198100407 76.3822523744912 2024 9
968000011663050 3.4895366294821 108.961744186047 74.7499418604651 2024 9
968000011662211 3.50009919191572 153.388834951456 80.4208090614887 2024 9
968000011664702 3.5864747785714 170.204256526674 76.0562542565267 2024 9
968000011663890 3.15472820744016 166.72125 78.0613690476191 2024 10
968000011662445 3.65561858354122 153.112305699482 73.739896373057 2024 10
968000011485736 3.4500950758716 144.173365853659 78.7737073170732 2024 10
968000011663843 3.263399331334 115.571437908497 58.9545098039216 2024 10
968000011666887 2.30362797638389 54.6374157303371 38.6485018726592 2024 10
968000011485199 3.61161711055434 161.773943661972 85.2780751173709 2024 10
968000011663722 3.16286299332193 170.882148148148 83.794962962963 2024 10
968000011485721 3.6550423413312 196.275590361446 75.7152530120482 2024 10
968000011488796 3.56157836830096 160.32108045977 80.6807816091954 2024 10
968000188975356 3.01911629044707 98.6007462686567 73.4011940298507 2024 10
968000011488335 3.74343136514668 161.171794871795 83.936452991453 2024 10
968000011488890 3.69143515214406 147.772359550562 80.0823970037453 2024 10
968000011488844 1.70799574642293 0 -999 2024 10
968000011663630 2.88913355596672 31.0562170087977 31.4448387096774 2024 10
968000011488234 3.65600232068296 154.97275 69.0685 2024 10
968000011488765 3.462248215355 113.07476635514 68.7126168224299 2024 10
968000011667016 3.51014269940257 145.552228360958 81.8061694290976 2024 10
968000011663288 3.59383966108127 180.935788643533 75.3805047318612 2024 10
968000011663895 2.77851301173892 29.4478991596639 58.4372268907563 2024 10
968000011666134 3.42781057267599 168.414345991561 82.4129113924051 2024 10
968000011663343 3.41697317260304 153.896094420601 72.6125751072961 2024 10
968000011666616 2.97538584898947 16.0977419354839 32.7925806451613 2024 10
968000011666243 3.38273726576133 155.509595959596 78.4205555555556 2024 10
968000011663144 3.71045586433542 162.263317073171 82.011756097561 2024 10
968000011664401 3.38057300306689 110.753701799486 76.6659640102828 2024 10
968000011663291 3.59571661994342 136.864752475248 76.5999504950495 2024 10
968000011662416 2.88688535898601 61.4041525423729 56.1374576271186 2024 10
968000011666306 3.28216877830464 170.151407249467 79.7210447761194 2024 10
968000011664287 3.20411998265592 145.118148148148 72.9790740740741 2024 10
968000011663882 3.36323580448369 177.81875502008 79.398313253012 2024 10
968000011666780 3.24600590407603 134.280781671159 80.3414824797844 2024 10
968000011666335 3.62407573114568 161.37825256975 73.1077239353891 2024 10
968000011485543 3.0565237240791 157.238068181818 86.4164204545455 2024 10
968000011485509 3.48897352472651 161.368141263941 81.9340892193309 2024 10
968000011666127 0.364738555055399 176.391673306773 76.8986852589642 2024 10
968000011663835 3.38792346697344 155.636515837104 83.4437104072398 2024 10
968000011664933 3.05728564441821 100.411111111111 81.1654444444444 2024 10
968000011663949 3.51745982654023 172.951652542373 81.9148305084746 2024 10
968000011666417 3.43296929087441 159.007984693878 79.0969387755102 2024 10
968000011662171 3.1832698436828 160.326367713004 87.3288340807175 2024 10
968000011664413 3.39462676427221 115.250904255319 71.1421808510638 2024 10
968000011663983 3.59439255037543 146.563023872679 83.8658885941645 2024 10
968000011662458 3.34966598409663 124.718928571429 83.8727976190476 2024 10
968000011666097 2.46716396596909 36.2420432692308 44.8141105769231 2024 10
968000011666137 3.73909744611748 123.805928571429 73.0237142857143 2024 10
968000011488684 3.39515159150454 183.328465991317 70.9790303907381 2024 10
968000011488170 3.56253076886226 170.288245125348 79.8537604456825 2024 10
968000011662921 3.26623169668989 163.176375 86.017375 2024 10
968000011664362 3.58489634413745 171.994541284404 82.7403669724771 2024 10
968000011663143 3.64845759428252 138.438698315467 77.9708575803982 2024 10
968000011662119 0 0 -999 2024 10
968000011666646 3.69879625179043 149.326610644258 75.8064239028945 2024 10
968000011485100 3.66209644541792 113.054253968254 80.0986031746032 2024 10
968000011666447 3.56454771175595 158.656116722783 72.9815151515152 2024 10
968000011662712 3.72582999032058 161.329747427502 74.6964826941066 2024 10
968000011664648 3.7419390777292 155.667487684729 87.0626600985222 2024 10
968000011662196 3.16256440652302 142.51136 84.90304 2024 10
968000011666877 3.19838213000829 154.450897435897 85.4289743589744 2024 10
968000011663021 3.0733517023869 30.2407142857143 77.5064285714286 2024 10
968000011485409 3.71899963787872 98.3659743589744 72.2219487179487 2024 10
968000011664647 3.33041377334919 102.637227722772 73.965297029703 2024 10
968000011488318 3.8685268867682 136.634473684211 82.6367763157895 2024 10
968000011662190 3.50487845941022 160.087150537634 82.4003225806452 2024 10
968000011662188 3.73319726510657 133.789460946095 72.9945104510451 2024 10
968000011663478 3.79581052466741 144.039505882353 79.3410823529412 2024 10
968000011666236 3.77349389227097 148.04162601626 82.7482520325203 2024 10
968000011488513 3.39040515648008 108.384716981132 76.440251572327 2024 10
968000011663360 1.17638069224327 0 -999 2024 10
968000011666177 3.71642073384655 144.749216152019 78.0457482185273 2024 10
968000011664488 3.57726195358581 120.294117647059 66.1322549019608 2024 10
968000011666632 3.49415459401844 143.501745283019 82.1608962264151 2024 10
968000011663375 3.51014269940257 163.872045454545 82.4275505050505 2024 10
968000011663912 3.36754227352058 112.01996124031 73.4985658914729 2024 10
