FC5FAF -999 5239 -999 -999 -999 2000
-999 -999 4368 -999 -999 -999 2000
968000011666384 -999 6501 -999 -999 -999 2000
53CD -999 5760 -999 -999 -999 2000
FC5FAB -999 2390 -999 -999 -999 2000
FC5CB3 530 5112 -999 -999 -999 2004
5520 505 5487 -999 -999 -999 2004
0262E9 565 4919 -999 -999 -999 2004
678D 530 3840 -999 -999 -999 2004
FC60C0 490 2720 -999 -999 -999 2004
59D3 565 5304 -999 -999 -999 2004
620B 515 5669 -999 -999 -999 2004
62AF 525 5920 -999 -999 -999 2004
64E1 475 6260 -999 -999 -999 2004
FC5FA8 550 3764 -999 -999 -999 2004
65EB 510 6560 -999 -999 -999 2004
5691 515 5868 -999 -999 -999 2004
6301 535 4024 -999 -999 -999 2004
61E0 480 1280 -999 -999 -999 2004
5F23 520 4341 -999 -999 -999 2004
6754 540 8155 -999 -999 -999 2004
5400 525 8897 -999 -999 -999 2004
FC57AC 480 4809 -999 -999 -999 2004
54CF 530 6736 -999 -999 -999 2004
FC681B 505 3554 -999 -999 -999 2004
FC5E2D 449 4023 -999 -999 -999 2004
57AA 495 4572 -999 -999 -999 2004
FC59CE 525 4248 -999 -999 -999 2004
FC5BCF 510 2459 -999 -999 -999 2004
5C1C 515 3892 -999 -999 -999 2004
52C0 515 6846 -999 -999 -999 2004
FC655A -999 5321 -999 -999 -999 2005
FC594E -999 6332 -999 -999 -999 2005
FC5C3B -999 5625 -999 -999 -999 2005
FC60C8 -999 5839 -999 -999 -999 2005
FC5D31 -999 5762 -999 -999 -999 2005
FC57E2 -999 7188 -999 -999 -999 2005
968000011485294 -999 4584 -999 -999 -999 2005
FC658D -999 7872 -999 -999 -999 2005
FC609A -999 6695 -999 -999 -999 2005
FC61D1 -999 1956 -999 -999 -999 2005
FC5F79 -999 5107 -999 -999 -999 2005
FC5A79 -999 6847 -999 -999 -999 2005
FC617E -999 7112 -999 -999 -999 2005
FC5DE1 -999 13695 -999 -999 -999 2005
FC55F2 -999 2488 -999 -999 -999 2005
01FB33 500 3554 -999 -999 -999 2008
01F871 545 3592 -999 -999 -999 2008
01EC81 505 8273 -999 -999 -999 2008
B7F1F0 565 6330 -999 -999 -999 2008
FD5962 510 6832 -999 -999 -999 2008
B7EF8E 565 6692 -999 -999 -999 2008
FBE784 505 7945 -999 -999 -999 2008
B7E7DE 515 5460 -999 -999 -999 2008
968000011485478 540 1820 -999 -999 -999 2008
B7D818 540 4739 -999 -999 -999 2008
B7EE31 495 4572 -999 -999 -999 2008
8AA4A8 535 5121 -999 -999 -999 2008
B7D213 515 4938 -999 -999 -999 2008
B7E0A6 515 5304 -999 -999 -999 2008
B7CAC6 555 6063 -999 -999 -999 2008
FD66EE 485 5736 -999 -999 -999 2008
B7DB65 520 7305 -999 -999 -999 2008
B7D591 530 4856 -999 -999 -999 2008
B7F6B7 585 5672 -999 -999 -999 2008
B7F258 515 2459 -999 -999 -999 2008
B7C7C9 545 5281 -999 -999 -999 2008
B7CA74 520 2868 -999 -999 -999 2008
B7F732 535 6218 -999 -999 -999 2008
B7D65F 510 4967 -999 -999 -999 2008
B7EE88 545 6330 -999 -999 -999 2008
B7EB40 540 10811 -999 -999 -999 2008
B7EF3C 500 2377 -999 -999 -999 2008
FD5846 500 2560 -999 -999 -999 2008
B7C7E3 510 4391 -999 -999 -999 2008
8AB251 515 6454 -999 -999 -999 2008
B7D28A 545 2906 -999 -999 -999 2008
B7E805 575 3824 -999 -999 -999 2008
B7E92E 545 6931 -999 -999 -999 2008
8AA829 535 4694 -999 -999 -999 2008
8AA987 485 4694 -999 -999 -999 2008
8AB29B 490 3006 -999 -999 -999 2008
B7D07E 500 3763 -999 -999 -999 2008
B7D36A 510 6645 -999 -999 -999 2008
B7F86A 530 6453 -999 -999 -999 2008
FD5F41 565 3322 -999 -999 -999 2008
B7FC0E 520 3801 -999 -999 -999 2008
B7CDD2 510 2390 -999 -999 -999 2008
B7EC25 495 6901 -999 -999 -999 2008
8A99DF 495 3763 -999 -999 -999 2008
B7EC12 575 6454 -999 -999 -999 2008
8A953F 550 3554 -999 -999 -999 2008
B7CCF3 535 4694 -999 -999 -999 2008
B7FAA1 520 1881 -999 -999 -999 2008
B7D622 555 4386 -999 -999 -999 2008
B7F2BB 525 7318 -999 -999 -999 2008
FC5EB9 505 5010 -999 -999 -999 2008
B7E1CA 545 3834 -999 -999 -999 2008
B7D0DE 560 2236 -999 -999 -999 2008
B7D196 550 5590 -999 -999 -999 2008
B7D2CC 505 3346 -999 -999 -999 2008
B7C5FE 545 4919 -999 -999 -999 2008
B7EC27 515 6037 -999 -999 -999 2008
B7E6E3 520 4063 -999 -999 -999 2008
FD5FA0 535 1434 -999 -999 -999 2008
B7EAA1 490 6012 -999 -999 -999 2008
B7C963 505 3935 -999 -999 -999 2008
B7DD7A 555 8472 -999 -999 -999 2008
B7EEFB 520 4480 -999 -999 -999 2008
B7FBF2 530 4919 -999 -999 -999 2008
01F60A 550 1639 -999 -999 -999 2008
B7DC32 505 8946 -999 -999 -999 2008
FC3359 590 1680 -999 -999 -999 2012
FC61D3 530 6503 -999 -999 -999 2012
FC5BCC 540 3081 -999 -999 -999 2012
FC2F80 550 5990 -999 -999 -999 2012
FC4308 520 5229 -999 -999 -999 2012
01F5CD 560 6404 -999 -999 -999 2012
0207A1 530 3765 -999 -999 -999 2012
FC4769 560 8021 -999 -999 -999 2012
FBE08F 560 3936 -999 -999 -999 2012
01ED74 520 4920 -999 -999 -999 2012
FBE5A1 580 5122 -999 -999 -999 2012
FBD88F 560 3521 -999 -999 -999 2012
FC386A 630 11082 -999 -999 -999 2012
01F46D 510 8154 -999 -999 -999 2012
FC692B 600 5988 -999 -999 -999 2012
FC4476 550 3325 -999 -999 -999 2012
FC42D1 570 5739 -999 -999 -999 2012
02FF8B 590 11540 -999 -999 -999 2012
01ECCC 520 3577 -999 -999 -999 2012
FBE19D 550 11931 -999 -999 -999 2012
01EB4A 590 5672 -999 -999 -999 2012
FBCAB1 590 4060 -999 -999 -999 2012
FC6490 590 10171 -999 -999 -999 2012
01E3D8 530 6035 -999 -999 -999 2012
FC62DD 580 2908 -999 -999 -999 2012
FBD296 540 5475 -999 -999 -999 2012
FC5530 580 5085 -999 -999 -999 2012
FC4CEA 580 10758 -999 -999 -999 2012
01F221 572 6437 -999 -999 -999 2012
02091E 580 13168 -999 -999 -999 2012
01E37B 565 5646 -999 -999 -999 2012
020308 530 3764 -999 -999 -999 2012
FC4276 550 2683 -999 -999 -999 2012
FC4A3A 570 5645 -999 -999 -999 2012
FC4793 550 9780 -999 -999 -999 2012
FC69D7 530 3764 -999 -999 -999 2012
FBD773 555 6482 -999 -999 -999 2012
01FB5F 585 5669 -999 -999 -999 2012
FC480A 525 4023 -999 -999 -999 2012
01E840 570 3840 -999 -999 -999 2012
01FE9B 545 5440 -999 -999 -999 2012
0202E7 545 3067 -999 -999 -999 2012
FBD5CF 575 8126 -999 -999 -999 2012
020709 505 6645 -999 -999 -999 2012
FC56AA 545 5817 -999 -999 -999 2012
FC5BB0 570 6063 -999 -999 -999 2012
FC4A2E 485 4090 -999 -999 -999 2012
020CA5 565 3716 -999 -999 -999 2012
FBE871 590 5868 -999 -999 -999 2012
020DDB 610 6501 -999 -999 -999 2012
01F84E 555 6691 -999 -999 -999 2012
02081C 550 4640 -999 -999 -999 2012
021837 485 3772 -999 -999 -999 2012
021676 530 5227 -999 -999 -999 2012
021628 595 2738 -999 -999 -999 2012
020372 620 6691 -999 -999 -999 2012
FC52B6 550 6273 -999 -999 -999 2012
01DF4C 580 8000 -999 -999 -999 2012
01FAA5 525 7602 -999 -999 -999 2012
01FD38 565 5475 -999 -999 -999 2012
FC2EE5 560 3422 -999 -999 -999 2012
FC553E 540 2926 -999 -999 -999 2012
FC363D 555 2934 -999 -999 -999 2012
021211 570 3200 -999 -999 -999 2012
01E89B 560 5672 -999 -999 -999 2012
FC5841 580 8160 -999 -999 -999 2012
01E557 590 4449 -999 -999 -999 2012
02050C 535 7528 -999 -999 -999 2012
FC3AF6 530 9082 -999 -999 -999 2012
597166 550 8804 -999 -999 -999 2017
597100 600 5539 -999 -999 -999 2017
597124 530 10440 -999 -999 -999 2017
479727 615 7523 -999 -999 -999 2017
596943 540 3361 -999 -999 -999 2017
480449 570 4642 -999 -999 -999 2017
479997 550 3111 -999 -999 -999 2017
479224 590 7635 -999 -999 -999 2017
479406 520 1647 -999 -999 -999 2017
479165 560 7716 -999 -999 -999 2017
480166 520 8386 -999 -999 -999 2017
479034 560 8644 -999 -999 -999 2017
480155 660 4304 -999 -999 -999 2017
480112 500 5881 -999 -999 -999 2017
597565 615 4060 -999 -999 -999 2017
597503 560 6941 -999 -999 -999 2017
597417 550 4287 -999 -999 -999 2017
596944 550 4162 -999 -999 -999 2017
479061 590 9941 -999 -999 -999 2017
900959 550 8381 -999 -999 -999 2017
901127 590 4002 -999 -999 -999 2017
597462 560 7349 -999 -999 -999 2017
596961 530 9413 -999 -999 -999 2017
479666 580 7203 -999 -999 -999 2017
900849 610 14246 -999 -999 -999 2017
596700 615 3144 -999 -999 -999 2017
597516 575 5090 -999 -999 -999 2017
902057 560 5881 -999 -999 -999 2017
479422 575 4342 -999 -999 -999 2017
480133 510 7036 -999 -999 -999 2017
900957 520 5144 -999 -999 -999 2017
479821 580 7203 -999 -999 -999 2017
900827 610 11827 -999 -999 -999 2017
596922 515 11630 -999 -999 -999 2017
900747 525 8557 -999 -999 -999 2017
480340 565 7683 -999 -999 -999 2017
901030 595 11527 -999 -999 -999 2017
480508 580 5988 -999 -999 -999 2017
900879 530 9521 -999 -999 -999 2017
478467 545 6002 -999 -999 -999 2017
478973 650 8003 -999 -999 -999 2017
480167 600 6288 -999 -999 -999 2017
478798 620 6887 -999 -999 -999 2017
596947 510 6161 -999 -999 -999 2017
480041 570 6503 -999 -999 -999 2017
480323 565 8804 -999 -999 -999 2017
480633 585 2881 -999 -999 -999 2017
479769 610 2096 -999 -999 -999 2017
901412 560 1102 -999 -999 -999 2017
900730 545 4926 -999 -999 -999 2017
479801 575 2246 -999 -999 -999 2017
596937 600 7188 -999 -999 -999 2017
479536 570 7335 -999 -999 -999 2017
479735 520 18290 -999 -999 -999 2017
480301 525 6300 -999 -999 -999 2017
597127 -999 6736 -999 -999 -999 2018
479193 -999 5445 -999 -999 -999 2018
902064 -999 10778 -999 -999 -999 2018
480456 -999 10864 -999 -999 -999 2018
596976 -999 5940 -999 -999 -999 2018
902066 -999 6360 -999 -999 -999 2018
478568 -999 4452 -999 -999 -999 2018
901866 -999 13351 -999 -999 -999 2018
479927 -999 6784 -999 -999 -999 2018
596752 -999 11480 -999 -999 -999 2018
901327 -999 6860 -999 -999 -999 2018
901273 -999 6069 -999 -999 -999 2018
479766 -999 10472 -999 -999 -999 2018
900609 -999 5600 -999 -999 -999 2018
478752 -999 8000 -999 -999 -999 2018
901622 -999 7280 -999 -999 -999 2018
901216 -999 7854 -999 -999 -999 2018
478524 -999 7128 -999 -999 -999 2018
480367 -999 7168 -999 -999 -999 2018
901383 -999 11519 -999 -999 -999 2018
902143 -999 4182 -999 -999 -999 2018
597419 -999 3213 -999 -999 -999 2018
479041 -999 6880 -999 -999 -999 2018
900643 -999 5117 -999 -999 -999 2018
480274 -999 6783 -999 -999 -999 2018
480063 -999 14820 -999 -999 -999 2018
901401 -999 6287 -999 -999 -999 2018
968000010918646 577 5890 -999 -999 -999 2021
968000010919894 530 3796 -999 -999 -999 2021
968000010916653 545 4491 -999 -999 -999 2021
968000010916330 525 4391 -999 -999 -999 2021
968000010915594 590 5120 -999 -999 -999 2021
968000010915669 560 7360 -999 -999 -999 2021
968000010916431 565 5180 -999 -999 -999 2021
968000010919689 500 5600 -999 -999 -999 2021
968000010918625 560 7736 -999 -999 -999 2021
968000010918249 440 3570 -999 -999 -999 2021
968000010920478 540 6080 -999 -999 -999 2021
968000010918916 570 3500 -999 -999 -999 2021
968000010918768 575 7824 -999 -999 -999 2021
968000010919207 575 7068 -999 -999 -999 2021
968000010915845 540 6886 -999 -999 -999 2021
968000010917129 560 4107 -999 -999 -999 2021
968000010917764 560 10400 -999 -999 -999 2021
968000010915871 595 3040 -999 -999 -999 2021
968000010919753 505 4712 -999 -999 -999 2021
968000010918706 580 5988 -999 -999 -999 2021
968000010919876 485 3010 -999 -999 -999 2021
968000010919676 560 2844 -999 -999 -999 2021
968000010919869 520 5040 -999 -999 -999 2021
968000010920249 585 5740 -999 -999 -999 2021
968000010915948 565 7934 -999 -999 -999 2021
968000010918099 560 4640 -999 -999 -999 2021
968000010918392 555 3143 -999 -999 -999 2021
968000010920240 520 3680 -999 -999 -999 2021
968000010920073 565 6586 -999 -999 -999 2021
968000010920403 530 4188 -999 -999 -999 2021
968000010917590 540 2862 -999 -999 -999 2021
968000010915821 555 7854 -999 -999 -999 2021
968000010919252 510 6307 -999 -999 -999 2021
968000010918707 595 9410 -999 -999 -999 2021
968000010920559 610 5105 -999 -999 -999 2021
968000010919085 550 6880 -999 -999 -999 2021
968000010916019 525 9600 -999 -999 -999 2021
968000010917128 580 4843 -999 -999 -999 2021
968000010919263 560 6937 -999 -999 -999 2021
968000010916046 550 3570 -999 -999 -999 2021
968000010915731 560 7784 -999 -999 -999 2021
968000010919922 535 4640 -999 -999 -999 2021
968000010920529 560 3200 -999 -999 -999 2021
968000010917545 520 6137 -999 -999 -999 2021
968000010918815 495 4641 -999 -999 -999 2021
968000010920565 535 6414 -999 -999 -999 2021
968000010919243 600 10240 -999 -999 -999 2021
968000010918162 550 5950 -999 -999 -999 2021
968000010916823 535 6400 -999 -999 -999 2021
968000010918106 550 7109 -999 -999 -999 2021
968000010917411 565 5085 -999 -999 -999 2021
968000010916190 500 4491 -999 -999 -999 2021
968000010917999 520 6720 -999 -999 -999 2021
968000010919247 535 8962 -999 -999 -999 2021
968000010916546 525 3475 -999 -999 -999 2021
968000010915869 480 5105 -999 -999 -999 2021
968000010919171 570 6300 -999 -999 -999 2021
968000010916810 580 6720 -999 -999 -999 2021
968000010919471 565 6501 -999 -999 -999 2021
968000010919764 545 4345 -999 -999 -999 2021
968000010916365 560 6767 -999 -999 -999 2021
968000010918224 550 6500 -999 -999 -999 2021
968000010916600 545 4248 -999 -999 -999 2021
968000010919362 565 5920 -999 -999 -999 2021
968000010917102 545 4760 -999 -999 -999 2021
968000010915581 540 3080 -999 -999 -999 2021
968000010917465 535 4200 -999 -999 -999 2021
968000010916009 550 5440 -999 -999 -999 2021
968000010916461 520 5760 -999 -999 -999 2021
968000010918025 495 4790 -999 -999 -999 2021
968000010915753 555 3520 -999 -999 -999 2021
968000010918745 535 6330 -999 -999 -999 2021
968000010920250 530 5460 -999 -999 -999 2021
968000010920158 545 10425 -999 -999 -999 2021
968000010918245 530 4940 -999 -999 -999 2021
968000010920274 485 3808 -999 -999 -999 2021
968000010916382 500 9457 -999 -999 -999 2021
968000010916911 540 9600 -999 -999 -999 2021
968000010917697 525 7200 -999 -999 -999 2021
968000010915634 500 9410 -999 -999 -999 2021
968000010918285 510 6035 -999 -999 -999 2021
968000010916159 475 5740 -999 -999 -999 2021
968000010918209 530 6767 -999 -999 -999 2021
968000010918139 520 6152 -999 -999 -999 2021
968000010919154 540 4450 -999 -999 -999 2021
968000010917089 590 4256 -999 -999 -999 2021
968000010920398 555 6287 -999 -999 -999 2021
968000010919141 560 6069 -999 -999 -999 2021
968000010917785 495 4620 -999 -999 -999 2021
968000010918602 560 6736 -999 -999 -999 2021
968000010916611 550 6426 -999 -999 -999 2021
968000010919478 595 10242 -999 -999 -999 2021
968000010919210 575 9401 -999 -999 -999 2021
968000010917208 495 6400 -999 -999 -999 2021
968000010917723 565 5838 -999 -999 -999 2021
968000010917525 510 8047 -999 -999 -999 2021
968000010916999 525 6401 -999 -999 -999 2021
968000010919096 585 6844 -999 -999 -999 2021
968000010920211 585 3129 -999 -999 -999 2021
968000010917380 575 8901 -999 -999 -999 2021
968000010917750 565 3665 -999 -999 -999 2021
968000010919299 585 3024 -999 -999 -999 2021
968000010916311 565 3927 -999 -999 -999 2021
968000010916910 535 7700 -999 -999 -999 2021
968000010916620 565 7140 -999 -999 -999 2021
968000010916695 520 6886 -999 -999 -999 2021
968000010919802 555 7520 -999 -999 -999 2021
968000010916745 515 4046 -999 -999 -999 2021
968000010919424 565 7461 -999 -999 -999 2021
968000010919476 555 10400 -999 -999 -999 2021
968000010917155 540 7840 -999 -999 -999 2021
968000010916917 535 5988 -999 -999 -999 2021
968000010918831 525 4341 -999 -999 -999 2021
968000010918874 545 6545 -999 -999 -999 2021
968000010917538 530 6720 -999 -999 -999 2021
968000010918161 575 10179 -999 -999 -999 2021
968000010916634 575 7140 -999 -999 -999 2021
968000010917775 540 8230 -999 -999 -999 2021
968000010917340 560 7420 -999 -999 -999 2021
968000010917336 525 4760 -999 -999 -999 2021
968000010916459 590 13760 -999 -999 -999 2021
968000010916364 545 5646 -999 -999 -999 2021
968000010916844 540 10779 -999 -999 -999 2021
968000010915708 515 3892 -999 -999 -999 2021
968000010917449 495 6160 -999 -999 -999 2021
968000010920514 620 5476 -999 -999 -999 2021
968000010917283 520 8047 -999 -999 -999 2021
968000011488544 525 7068 -999 -999 -999 2025
968000011485953 580 2356 -999 -999 -999 2025
968000011666852 602 3403 -999 -999 -999 2025
968000011488283 578 7723 -999 -999 -999 2025
968000011663806 520 -999 -999 -999 -999 2025
968000011662626 527 3520 -999 -999 -999 2025
968000011485092 588 -999 -999 -999 -999 2025
968000011485600 546 3742 -999 -999 -999 2025
968000011488501 565 -999 -999 -999 -999 2025
968000011662580 584 -999 -999 -999 -999 2025
968000011664801 593 -999 -999 -999 -999 2025
968000011486036 598 10360 -999 -999 -999 2025
968000011666884 490 -999 -999 -999 -999 2025
968000011664267 562 -999 -999 -999 -999 2025
968000011662452 549 8568 -999 -999 -999 2025
968000011488535 569 7680 -999 -999 -999 2025
968000011666993 590 5280 -999 -999 -999 2025
968000011663271 571 -999 -999 -999 -999 2025
968000011666248 571 9100 -999 -999 -999 2025
968000011485363 575 -999 -999 -999 -999 2025
968000011666551 564 7700 -999 -999 -999 2025
968000011663942 531 -999 -999 -999 -999 2025
968000011488338 521 -999 -999 -999 -999 2025
968000011663200 586 -999 -999 -999 -999 2025
968000011663313 569 5759 -999 -999 -999 2025
968000011485266 591 -999 -999 -999 -999 2025
968000011485903 586 -999 -999 -999 -999 2025
968000011663053 543 7616 -999 -999 -999 2025
968000011663620 564 10608 -999 -999 -999 2025
968000011485108 591 10560 -999 -999 -999 2025
968000011662081 576 -999 -999 -999 -999 2025
968000011485465 561 -999 -999 -999 -999 2025
968000011663400 555 -999 -999 -999 -999 2025
968000011485662 579 5740 -999 -999 -999 2025
968000011662874 539 -999 -999 -999 -999 2025
968000011485116 549 8982 -999 -999 -999 2025
968000011485498 532 -999 -999 -999 -999 2025
968000011663278 591 4928 -999 -999 -999 2025
968000011666561 563 7485 -999 -999 -999 2025
968000011662715 580 -999 -999 -999 -999 2025
968000011485389 542 -999 -999 -999 -999 2025
968000011662048 552 7485 -999 -999 -999 2025
968000011662931 575 4403 -999 -999 -999 2025
968000011662509 566 8211 -999 -999 -999 2025
968000011489085 544 4640 -999 -999 -999 2025
968000011663616 590 9580 -999 -999 -999 2025
968000011662727 595 8056 -999 -999 -999 2025
968000011666096 612 -999 -999 -999 -999 2025
968000011662327 579 11650 -999 -999 -999 2025
968000011485976 591 10628 -999 -999 -999 2025
968000011662545 530 -999 -999 -999 -999 2025
968000011662872 598 -999 -999 -999 -999 2025
968000011485941 554 4640 -999 -999 -999 2025
968000011486076 568 -999 -999 -999 -999 2025
968000011662366 559 6572 -999 -999 -999 2025
968000011666894 574 -999 -999 -999 -999 2025
968000011662040 519 5817 -999 -999 -999 2025
968000011662167 584 -999 -999 -999 -999 2025
968000011666143 614 4200 -999 -999 -999 2025
968000011666215 549 8330 -999 -999 -999 2025
968000011485292 590 5950 -999 -999 -999 2025
968000011485444 594 -999 -999 -999 -999 2025
968000011662668 625 6720 -999 -999 -999 2025
968000011664069 532 -999 -999 -999 -999 2025
968000011662971 579 10059 -999 -999 -999 2025
968000011485567 549 9555 -999 -999 -999 2025
968000011662905 567 9948 -999 -999 -999 2025
968000011664223 552 -999 -999 -999 -999 2025
968000011663390 553 7680 -999 -999 -999 2025
968000011485751 544 6069 -999 -999 -999 2025
968000011485301 603 -999 -999 -999 -999 2025
968000011664410 568 11340 -999 -999 -999 2025
968000011666516 558 6720 -999 -999 -999 2025
968000011663718 591 7280 -999 -999 -999 2025
968000011662333 559 7980 -999 -999 -999 2025
968000011663067 502 5194 -999 -999 -999 2025
968000011663876 563 6414 -999 -999 -999 2025
968000011485785 557 7035 -999 -999 -999 2025
968000011489042 521 -999 -999 -999 -999 2025
968000011662273 568 -999 -999 -999 -999 2025
968000011663916 582 4974 -999 -999 -999 2025
968000011488546 496 -999 -999 -999 -999 2025
968000011664429 587 9730 -999 -999 -999 2025
968000011663258 586 6860 -999 -999 -999 2025
968000011485592 571 4450 -999 -999 -999 2025
968000011664380 578 8736 -999 -999 -999 2025
968000011662987 627 -999 -999 -999 -999 2025
968000011485946 563 9520 -999 -999 -999 2025
968000011662581 584 6300 -999 -999 -999 2025
968000011663331 564 7200 -999 -999 -999 2025
968000011663584 581 -999 -999 -999 -999 2025
968000011663834 593 9044 -999 -999 -999 2025
968000011662627 590 -999 -999 -999 -999 2025
968000011485453 567 -999 -999 -999 -999 2025
968000011662106 571 -999 -999 -999 -999 2025
968000011662308 566 7728 -999 -999 -999 2025
968000011488719 510 8508 -999 -999 -999 2025
968000011663595 551 8508 -999 -999 -999 2025
968000011664700 577 6736 -999 -999 -999 2025
968000011485788 619 -999 -999 -999 -999 2025
968000011666313 553 -999 -999 -999 -999 2025
968000011663381 581 -999 -999 -999 -999 2025
968000011662783 530 7461 -999 -999 -999 2025
968000011664190 554 10591 -999 -999 -999 2025
968000011485829 502 -999 -999 -999 -999 2025
968000011663484 602 -999 -999 -999 -999 2025
968000011485151 555 3360 -999 -999 -999 2025
968000011485821 599 7722 -999 -999 -999 2025
968000011663860 562 6996 -999 -999 -999 2025
968000011662765 551 -999 -999 -999 -999 2025
968000011663428 589 -999 -999 -999 -999 2025
968000011488847 576 11760 -999 -999 -999 2025
968000011664822 580 10080 -999 -999 -999 2025
968000011664173 582 10780 -999 -999 -999 2025
968000011664623 530 9440 -999 -999 -999 2025
968000011488475 547 5831 -999 -999 -999 2025
968000011485603 570 7784 -999 -999 -999 2025
968000011488841 530 8682 -999 -999 -999 2025
968000011664525 571 -999 -999 -999 -999 2025
968000011664181 552 9580 -999 -999 -999 2025
968000011664524 586 -999 -999 -999 -999 2025
968000011489018 543 -999 -999 -999 -999 2025
968000011488197 509 6586 -999 -999 -999 2025
968000011485657 589 -999 -999 -999 -999 2025
968000011485112 592 -999 -999 -999 -999 2025
968000011488627 563 -999 -999 -999 -999 2025
968000011485506 533 -999 -999 -999 -999 2025
968000011664668 568 -999 -999 -999 -999 2025
968000011663667 575 -999 -999 -999 -999 2025
968000011664099 558 -999 -999 -999 -999 2025
968000011485190 557 -999 -999 -999 -999 2025
968000011663607 520 -999 -999 -999 -999 2025
968000011485967 587 -999 -999 -999 -999 2025
968000011664395 578 8682 -999 -999 -999 2025
968000011485872 599 10472 -999 -999 -999 2025
968000011485573 597 5880 -999 -999 -999 2025
968000011662569 605 11520 -999 -999 -999 2025
968000011662539 566 -999 -999 -999 -999 2025
968000011485924 588 -999 -999 -999 -999 2025
968000011662630 555 7378 -999 -999 -999 2025
968000011663433 577 -999 -999 -999 -999 2025
968000011664969 569 9686 -999 -999 -999 2025
968000011485945 593 -999 -999 -999 -999 2025
968000011662245 541 7485 -999 -999 -999 2025
968000011485437 603 6902 -999 -999 -999 2025
968000011664712 565 3360 -999 -999 -999 2025
968000011664951 594 9600 -999 -999 -999 2025
968000011486062 546 -999 -999 -999 -999 2025
968000011664573 579 8115 -999 -999 -999 2025
968000011485884 552 7185 -999 -999 -999 2025
968000011662222 561 6580 -999 -999 -999 2025
968000011664200 574 11377 -999 -999 -999 2025
968000011663475 592 -999 -999 -999 -999 2025
968000011662098 527 -999 -999 -999 -999 2025
968000011485842 612 6400 -999 -999 -999 2025
968000011485097 -999 -999 -0.055263160623229 0.621857141337987 7.7 2024
968000011485098 -999 -999 -0.857373749570728 1.10597027385544 7.8 2024
968000011485100 -999 -999 1.00769640033972 -0.217272288358929 7.1 2024
968000011485128 -999 -999 -1.35124780325331 0.39593767949651 7.1 2024
968000011485131 -999 -999 -0.141669382603346 0.492760306 7.8 2024
968000011485133 -999 -999 1.0158479307152 -0.0881754530209416 7.7 2024
968000011485136 -999 -999 0.162654418081342 1.94509970355235 7.3 2024
968000011485141 -999 -999 2.86244127844121 0.428211888331006 7.7 2024
968000011485149 -999 -999 -0.0476550656061118 2.33239020956631 7.5 2024
968000011485158 -999 -999 0.255581864361845 0.815502394344967 7.5 2024
968000011485163 -999 -999 -0.603589437214033 0.525034514834497 7.5 2024
968000011485167 -999 -999 0.607184541224332 1.29961552686242 7.3 2024
968000011485169 -999 -999 -1.06023816884857 -0.927304882717857 7.8 2024
968000011485174 -999 -999 0.0485329928245841 0.0409213823170454 7.5 2024
968000011485182 -999 -999 2.52877196840479 1.20279290035893 7.7 2024
968000011485183 -999 -999 0.959874088803551 1.75145445054537 7.3 2024
968000011485198 -999 -999 -0.553593384244405 2.55830967140779 7.4 2024
968000011485199 -999 -999 0.733804979723497 0.202292426489529 7.1 2024
968000011485207 -999 -999 1.85165151188136 0.363663470662013 7.5 2024
968000011485213 -999 -999 1.00280548211443 1.29961552686242 7.5 2024
968000011485221 -999 -999 0.787605080201683 -0.443191750200406 7.5 2024
968000011485237 -999 -999 -0.675866339876646 1.33188973569692 7.4 2024
968000011485238 -999 -999 0.0186440481144809 1.68690603287638 7.7 2024
968000011485242 -999 -999 -1.487214786481 1.20279290035893 7.1 2024
968000011485246 -999 -999 1.74459474628335 0.170018217655032 7.4 2024
968000011485252 -999 -999 1.00878327105645 0.137744008820536 7.4 2024
968000011485254 -999 -999 0.273515231187907 0.880050812013961 7.7 2024
968000011485287 -999 -999 -1.00964433698474 1.4609865710349 7.1 2024
968000011485294 -999 -999 2.20271075338548 0.460486097165503 7.7 2024
968000011485316 -999 -999 -1.00040593589253 -0.0881754530209416 7.8 2024
968000011485328 -999 -999 -0.571526751070467 -0.60456279437289 7.5 2024
968000011485333 -999 -999 1.74079069877479 -1.34686959756631 7.7 2024
968000011485340 -999 -999 0.344161827775424 0.525034514834497 7.1 2024
968000011485341 -999 -999 -0.171558327313449 1.17051869152443 7.8 2024
968000011485347 -999 -999 -1.35016093253658 -0.830482256214367 7.4 2024
968000011485355 -999 -999 -1.19674913086999 0.460486097165503 7.4 2024
968000011485365 -999 -999 -1.44043641426825 1.5255349887039 7.3 2024
968000011485368 -999 -999 0.927811402659986 -999 8 2024
968000011485369 -999 -999 -0.997634415564867 1.42871236220041 7.5 2024
968000011485373 -999 -999 0.30340417589801 -0.862756465048863 7.5 2024
968000011485386 -999 -999 0.564796583271822 0.847776603179464 7.1 2024
968000011485392 -999 -999 1.0614965008179 1.26734131802792 7.5 2024
968000011485399 -999 -999 -1.13583002719722 -1.83098273008377 7.4 2024
968000011485409 -999 -999 1.35712533576874 -0.572288585538393 7.1 2024
968000011485419 -999 -999 0.428937743680444 0.0731955911515422 7.4 2024
968000011485427 -999 -999 -0.762272561856763 -0.281820706027922 7.4 2024
968000011485458 -999 -999 -0.243291794617697 -0.249546497193425 7.4 2024
968000011485470 -999 -999 0.874554737540165 -999 8 2024
968000011485496 -999 -999 -1.08686650140848 -0.0236270353519481 7.7 2024
968000011485499 -999 -999 0.8582516767892 -999 8 2024
968000011485502 -999 -999 -0.358500090591186 -1.15322434455933 7.3 2024
968000011485503 -999 -999 -1.04062015241158 0.621857141337987 7.5 2024
968000011485507 -999 -999 -0.0987379892924701 1.00914764735195 7.4 2024
968000011485509 -999 -999 0.18710900920779 0.428211888331006 7.1 2024
968000011485515 -999 -999 -0.580765152162681 -0.378643332531412 7.3 2024
968000011485517 -999 -999 -1.02594739773571 -0.249546497193425 7.4 2024
968000011485518 -999 -999 -0.0183095562543741 0.718679767841477 7.8 2024
968000011485526 -999 -999 -0.509031684858433 -0.70138542087638 7.4 2024
968000011485543 -999 -999 -0.869329327454769 1.17051869152443 7.1 2024
968000011485559 -999 -999 -0.639999606224522 1.33188973569692 7.5 2024
968000011485563 -999 -999 -1.02105647951042 0.750953976675974 7.1 2024
968000011485568 -999 -999 0.157763499856052 -0.410917541365909 7.8 2024
968000011485572 -999 -999 0.362095194601486 -0.217272288358929 7.4 2024
968000011485584 -999 -999 -0.288396929362034 2.10647074772484 7.3 2024
968000011485587 -999 -999 -0.092216764992084 1.00914764735195 7.4 2024
968000011485593 -999 -999 -0.74325232431397 1.5255349887039 7.3 2024
968000011485617 -999 -999 0.322967848799169 1.17051869152443 7.1 2024
968000011485628 -999 -999 -1.08414932461666 -1.08867592689034 7.5 2024
968000011485645 -999 -999 1.60438842382505 1.78372865937987 7.1 2024
968000011485647 -999 -999 -0.380780940284172 1.36416394453141 7.3 2024
968000011485655 -999 -999 1.08703796266108 0.847776603179464 7.5 2024
968000011485670 -999 -999 1.15279364102331 -1.08867592689034 7.4 2024
968000011485678 -999 -999 0.190913056716349 -0.0881754530209416 7.8 2024
968000011485680 -999 -999 0.302317305181279 1.00914764735195 7.1 2024
968000011485708 -999 -999 0.738695897948787 0.363663470662013 7.1 2024
968000011485720 -999 -999 0.216454518559528 -0.152723870689935 7.4 2024
968000011485721 -999 -999 0.967482183820668 0.944599229682954 7.1 2024
968000011485723 -999 -999 1.55710954764725 0.170018217655032 7.5 2024
968000011485735 -999 -999 -0.0596106434901531 0.428211888331006 7.4 2024
968000011485736 -999 -999 0.0436420745992945 -0.765933838545373 7.1 2024
968000011485757 -999 -999 1.54624084047994 -0.830482256214367 7.1 2024
968000011485763 -999 -999 -0.180253293047297 0.78322818551047 7.5 2024
968000011485766 -999 -999 -0.580221716804315 1.55780919753839 7.7 2024
968000011485768 -999 -999 -0.750860419331087 -0.281820706027922 7.5 2024
968000011485769 -999 -999 -0.0606975142068842 0.137744008820536 7.8 2024
968000011485778 -999 -999 1.30549897672402 -999 8 2024
968000011485779 -999 -999 -0.469904339056116 0.39593767949651 7.5 2024
968000011485824 -999 -999 0.134939214804701 0.0409213823170454 7.5 2024
968000011485837 -999 -999 -1.21962775945718 0.363663470662013 7.4 2024
968000011485857 -999 -999 -1.10534330359291 -1.18549855339383 7.8 2024
968000011485867 -999 -999 -0.655215796258756 -0.79820804737987 7.4 2024
968000011485888 -999 -999 -0.323176792297427 0.0409213823170454 7.4 2024
968000011485893 -999 -999 1.43592346273174 0.105469799986039 7.5 2024
968000011485906 -999 -999 -1.09175741963377 1.55780919753839 7.1 2024
968000011485916 -999 -999 -0.567179268203543 0.137744008820536 7.4 2024
968000011485921 -999 -999 0.995740822455675 -0.60456279437289 7.4 2024
968000011485922 -999 -999 1.97283759679687 -0.184998079524432 7.8 2024
968000011485925 -999 -999 -1.15321995866491 -0.378643332531412 7.5 2024
968000011485934 -999 -999 1.27995751488084 -1.4759664329043 7.4 2024
968000011485942 -999 -999 -0.600872260422205 -1.70188589474578 7.8 2024
968000011485959 -999 -999 -1.40129819975877 -0.60456279437289 7.4 2024
968000011485960 -999 -999 -1.14072094542251 0.170018217655032 7.4 2024
968000011485972 -999 -999 -0.92856378151661 2.52603546257329 7.3 2024
968000011485979 -999 -999 -0.372085974550324 0.0731955911515422 7.4 2024
968000011485987 -999 -999 0.171892819173556 1.04142185618644 7.3 2024
968000011486003 -999 -999 1.77611399706855 1.13824448268993 7.5 2024
968000011486004 -999 -999 0.790322256993511 0.460486097165503 7.7 2024
968000011486015 -999 -999 -0.369912233116862 -0.830482256214367 7.4 2024
968000011486019 -999 -999 0.275688972621369 0.68640555900698 7.3 2024
968000011486025 -999 -999 0.233301014668859 0.39593767949651 7.1 2024
968000011486053 -999 -999 -0.29980907188771 0.266840844158523 7.7 2024
968000011486067 -999 -999 -1.01996960879369 1.20279290035893 7.8 2024
968000011486072 -999 -999 -0.0335257462886085 1.71918024171088 7.4 2024
968000011486075 -999 -999 -0.520987262742474 -0.572288585538393 7.7 2024
968000011486080 -999 -999 -0.678040081310108 1.23506710919342 7.4 2024
968000011488095 -999 -999 0.904443682250269 -0.830482256214367 7.4 2024
968000011488101 -999 -999 -0.136235029019691 -0.475465959034902 7.3 2024
968000011488106 -999 -999 0.0344036735070808 -0.184998079524432 7.5 2024
968000011488116 -999 -999 0.115375541903542 -0.184998079524432 7.4 2024
968000011488119 -999 -999 -0.582395458237777 -0.572288585538393 7.7 2024
968000011488120 -999 -999 -1.25495105775094 0.58958293250349 7.4 2024
968000011488152 -999 -999 -0.597611648272012 -0.572288585538393 7.5 2024
968000011488164 -999 -999 0.257755605795307 -0.0881754530209416 7.1 2024
968000011488167 -999 -999 1.24083016907852 0.00864717348254867 7.5 2024
968000011488168 -999 -999 0.796843481293897 -0.79820804737987 7.7 2024
968000011488170 -999 -999 0.496323728117768 -1.15322434455933 7.1 2024
968000011488175 -999 -999 1.60710560061688 -0.765933838545373 7.1 2024
968000011488177 -999 -999 -0.196556353798263 0.58958293250349 7.5 2024
968000011488180 -999 -999 0.262103088662231 -0.184998079524432 7.5 2024
968000011488189 -999 -999 0.69467763392118 0.202292426489529 7.8 2024
968000011488195 -999 -999 -0.845418171686686 0.880050812013961 7.5 2024
968000011488202 -999 -999 -1.24897326880892 -0.636837003207386 7.4 2024
968000011488205 -999 -999 -1.48286295613121 1.29961552686242 7.3 2024
968000011488206 -999 -999 0.474586313783147 -2.28282165376672 7.8 2024
968000011488216 -999 -999 -999 -999 8 2024
968000011488218 -999 -999 -0.743795759672335 -0.862756465048863 7.4 2024
968000011488223 -999 -999 0.702285728938297 -0.0881754530209416 7.1 2024
968000011488226 -999 -999 0.190913056716349 -0.410917541365909 7.7 2024
968000011488227 -999 -999 -0.437841652912551 0.492760306 7.3 2024
968000011488232 -999 -999 -0.785096846908114 1.65463182404188 7.5 2024
968000011488234 -999 -999 0.972916537404323 -0.733659629710876 7.1 2024
968000011488244 -999 -999 -0.2731807393278 -999 8 2024
968000011488248 -999 -999 2.44453948785814 -0.0236270353519481 7.7 2024
968000011488250 -999 -999 -0.612284402947881 0.557308723668993 7.1 2024
968000011488257 -999 -999 0.788691950918414 -0.636837003207386 7.7 2024
968000011488268 -999 -999 -0.149820912978828 -0.927304882717857 7.5 2024
968000011488273 -999 -999 0.0322299320736187 -0.152723870689935 7.4 2024
968000011488274 -999 -999 0.779996985184566 -0.540014376703896 7.7 2024
968000011488276 -999 -999 -0.540007500285267 0.202292426489529 7.8 2024
968000011488297 -999 -999 0.361008323884755 -0.475465959034902 7.4 2024
968000011488302 -999 -999 0.0392945917323704 -1.15322434455933 7.1 2024
968000011488306 -999 -999 -1.08958367820031 0.170018217655032 7.7 2024
968000011488318 -999 -999 2.52659822697133 -0.0881754530209416 7.1 2024
968000011488321 -999 -999 -1.48775876527472 0.492760306 7.4 2024
968000011488335 -999 -999 1.52178624935349 -1.83098273008377 7.1 2024
968000011488341 -999 -999 -1.30717519568986 -1.34686959756631 7.8 2024
968000011488343 -999 -999 0.359921453168024 -0.443191750200406 7.5 2024
968000011488352 -999 -999 0.883793138632379 0.234566635324026 7.7 2024
968000011488364 -999 -999 -0.580221716804315 -1.18549855339383 7.4 2024
968000011488368 -999 -999 -0.971549518363322 -0.0881754530209416 7.5 2024
968000011488369 -999 -999 1.62123491993438 -0.184998079524432 7.7 2024
968000011488376 -999 -999 3.4205493914826 -0.733659629710876 7.7 2024
968000011488379 -999 -999 -1.31967420893227 -0.314094914862419 7.4 2024
968000011488387 -999 -999 1.15442394709841 -0.927304882717857 7.4 2024
968000011488414 -999 -999 0.111571494394984 1.36416394453141 7.1 2024
968000011488418 -999 -999 -0.585656070387971 0.557308723668993 7.1 2024
968000011488419 -999 -999 -0.241118053184235 -1.57278905940779 7.4 2024
968000011488420 -999 -999 -1.14126438078087 -0.0881754530209416 7.4 2024
968000011488424 -999 -999 -1.07762810031627 1.33188973569692 7.1 2024
968000011488425 -999 -999 -1.47579231868352 2.84877755091826 7.3 2024
968000011488430 -999 -999 -0.092216764992084 -0.60456279437289 7.5 2024
968000011488431 -999 -999 -1.03464236346956 -0.0236270353519481 7.5 2024
968000011488437 -999 -999 0.763150489075235 -0.0881754530209416 7.4 2024
968000011488442 -999 -999 0.082225985043246 -0.0236270353519481 7.5 2024
968000011488452 -999 -999 0.866403207164683 -1.28232117989732 7.7 2024
968000011488488 -999 -999 -0.151451219053925 -1.08867592689034 7.4 2024
968000011488494 -999 -999 1.51037410682782 -1.60506326824229 7.7 2024
968000011488502 -999 -999 0.214824212484431 0.0409213823170454 7.8 2024
968000011488504 -999 -999 -0.975897001230246 0.105469799986039 7.7 2024
968000011488508 -999 -999 1.35114754682672 0.137744008820536 7.4 2024
968000011488513 -999 -999 -0.153081525129022 0.428211888331006 7.1 2024
968000011488514 -999 -999 0.749564605116097 -0.314094914862419 7.5 2024
968000011488519 -999 -999 -1.47905836518729 -1.15322434455933 7.4 2024
968000011488520 -999 -999 0.0469026867494876 0.78322818551047 7.3 2024
968000011488524 -999 -999 -0.620979368681729 -2.15372481842873 7.4 2024
968000011488536 -999 -999 -1.32624977676849 -0.959579091552354 7.4 2024
968000011488546 -999 -999 0.293622339447431 -2.18599902726323 7.3 2024
968000011488547 -999 -999 -0.992145718445375 0.363663470662013 7.8 2024
968000011488548 -999 -999 -0.377520328133979 0.460486097165503 7.1 2024
968000011488558 -999 -999 -0.221010944924711 -999 8 2024
968000011488563 -999 -999 -0.837266641311204 0.78322818551047 7.3 2024
968000011488573 -999 -999 -0.513379167725357 0.266840844158523 7.7 2024
968000011488574 -999 -999 -0.586199505746336 -0.314094914862419 7.7 2024
968000011488585 -999 -999 -0.136235029019691 -0.862756465048863 7.4 2024
968000011488594 -999 -999 -0.898131401448141 -0.60456279437289 7.8 2024
968000011488619 -999 -999 -0.0270045219882223 -1.08867592689034 7.8 2024
968000011488622 -999 -999 -0.166123973729794 0.68640555900698 7.8 2024
968000011488629 -999 -999 -0.848135348478514 1.17051869152443 7.3 2024
968000011488635 -999 -999 0.487628762383919 -0.0236270353519481 7.4 2024
968000011488638 -999 -999 0.299600128389452 -1.5405148505733 7.8 2024
968000011488667 -999 -999 -0.609023790797688 -0.217272288358929 7.4 2024
968000011488679 -999 -999 -1.13474315648049 -0.378643332531412 7.4 2024
968000011488682 -999 -999 -0.0378732291555326 -0.70138542087638 7.4 2024
968000011488684 -999 -999 -0.138408770453153 -0.862756465048863 7.1 2024
968000011488685 -999 -999 0.293622339447431 0.621857141337987 7.1 2024
968000011488691 -999 -999 1.44842247597415 -0.79820804737987 7.5 2024
968000011488705 -999 -999 -0.632391511207405 -0.475465959034902 7.7 2024
968000011488713 -999 -999 0.481650973441899 0.266840844158523 7.5 2024
968000011488718 -999 -999 0.396331622178513 -0.217272288358929 7.7 2024
968000011488721 -999 -999 0.579469337947691 0.137744008820536 7.7 2024
968000011488724 -999 -999 -1.04714137671197 1.62235761520739 7.1 2024
968000011488732 -999 -999 -1.33820535465253 -0.443191750200406 7.3 2024
968000011488743 -999 -999 -0.65358549018366 -1.5405148505733 7.5 2024
968000011488744 -999 -999 -0.316655567997041 -0.862756465048863 7.4 2024
968000011488754 -999 -999 0.664245253852711 -0.475465959034902 7.4 2024
968000011488757 -999 -999 0.194717104224907 1.07369606502094 7.5 2024
968000011488765 -999 -999 0.0871169032685356 -1.70188589474578 7.1 2024
968000011488775 -999 -999 0.620226989825105 2.17101916539383 7.1 2024
968000011488779 -999 -999 -1.32842351820196 -0.60456279437289 7.5 2024
968000011488780 -999 -999 0.45610951159872 0.428211888331006 7.1 2024
968000011488783 -999 -999 -0.293287847587324 -1.41141801523531 7.4 2024
968000011488787 -999 -999 -0.391649647451482 0.170018217655032 7.5 2024
968000011488793 -999 -999 -999 -999 8 2024
968000011488794 -999 -999 0.103963399377867 -999 8 2024
968000011488796 -999 -999 0.491976245250843 -1.41141801523531 7.1 2024
968000011488807 -999 -999 -1.07056344065752 -1.05640171805584 7.4 2024
968000011488810 -999 -999 -1.48177554197912 -0.0236270353519481 7.7 2024
968000011488814 -999 -999 -1.06784626386569 -0.540014376703896 7.4 2024
968000011488831 -999 -999 -0.0329823109302429 0.234566635324026 7.1 2024
968000011488836 -999 -999 -1.44968024971405 -0.475465959034902 7.5 2024
968000011488839 -999 -999 -1.04062015241158 -1.02412750922135 7.5 2024
968000011488844 -999 -999 -1.46055982558853 -1.4436922240698 7.1 2024
968000011488851 -999 -999 -0.44273257113784 -999 8 2024
968000011488858 -999 -999 1.27832720880574 -0.927304882717857 7.7 2024
968000011488861 -999 -999 -1.13202597968866 -0.70138542087638 7.5 2024
968000011488862 -999 -999 -0.316112132638676 -0.475465959034902 7.8 2024
968000011488881 -999 -999 -0.569896444995371 -1.63733747707679 7.5 2024
968000011488890 -999 -999 1.18213915037505 -1.02412750922135 7.1 2024
968000011488915 -999 -999 -0.894327353939583 0.363663470662013 7.8 2024
968000011488919 -999 -999 -0.8704161981715 0.0409213823170454 7.4 2024
968000011488920 -999 -999 -0.887262694280831 0.170018217655032 7.1 2024
968000011488928 -999 -999 -0.0405904059473601 -0.959579091552354 7.1 2024
968000011488930 -999 -999 -0.78564028226648 -0.669111212041883 7.3 2024
968000011488933 -999 -999 -1.05969473349021 -0.378643332531412 7.7 2024
968000011488952 -999 -999 -0.104172342876125 0.976873438517451 7.5 2024
968000011488961 -999 -999 -0.908456673257086 0.266840844158523 7.8 2024
968000011488963 -999 -999 -0.334588934823103 -0.314094914862419 7.1 2024
968000011488972 -999 -999 -0.274811045402897 -999 8 2024
968000011488973 -999 -999 0.115375541903542 0.363663470662013 7.1 2024
968000011488974 -999 -999 0.0757047607428598 0.266840844158523 7.3 2024
968000011488975 -999 -999 -0.150907783695559 -0.281820706027922 7.7 2024
968000011488979 -999 -999 -1.24082173843343 -0.152723870689935 7.5 2024
968000011488987 -999 -999 -0.882915211413907 -1.18549855339383 7.8 2024
968000011489001 -999 -999 1.2837615623894 -0.314094914862419 7.4 2024
968000011489015 -999 -999 0.652833111327036 0.492760306 7.1 2024
968000011489020 -999 -999 -0.952529280820529 1.10597027385544 7.1 2024
968000011489027 -999 -999 -1.46163582759809 0.105469799986039 7.1 2024
968000011489028 -999 -999 -0.571526751070467 -0.733659629710876 7.7 2024
968000011489045 -999 -999 0.208846423542411 0.170018217655032 7.5 2024
968000011489058 -999 -999 -0.80139990765908 -0.281820706027922 7.4 2024
968000011489060 -999 -999 -0.436211346837454 0.557308723668993 7.8 2024
968000011662032 -999 -999 -0.737274535371949 0.525034514834497 7.4 2024
968000011662043 -999 -999 -0.71173307352877 0.912325020848457 7.1 2024
968000011662046 -999 -999 0.54686321644576 -1.02412750922135 7.3 2024
968000011662047 -999 -999 0.431111485113906 1.00914764735195 7.5 2024
968000011662050 -999 -999 -1.13691689791395 -0.70138542087638 7.4 2024
968000011662051 -999 -999 -0.9993190651758 -999 8 2024
968000011662110 -999 -999 0.421873084021692 -0.475465959034902 7.4 2024
968000011662119 -999 -999 -1.48775876527472 -2.89603162162216 7.1 2024
968000011662120 -999 -999 -0.499793283766219 0.428211888331006 7.4 2024
968000011662121 -999 -999 -1.24951670416728 2.36466441840081 7.1 2024
968000011662142 -999 -999 0.341988086341962 -1.5082406417388 7.1 2024
968000011662154 -999 -999 0.288731421222141 0.363663470662013 7.1 2024
968000011662158 -999 -999 0.0191874834728464 0.105469799986039 7.5 2024
968000011662168 -999 -999 -1.02486052701898 0.912325020848457 7.3 2024
968000011662171 -999 -999 -0.65956327912568 1.17051869152443 7.1 2024
968000011662182 -999 -999 0.284927373713583 0.363663470662013 7.7 2024
968000011662188 -999 -999 1.45168308812434 0.976873438517451 7.1 2024
968000011662190 -999 -999 0.249604075419824 -0.540014376703896 7.1 2024
968000011662196 -999 -999 -0.698147189569632 -0.99185330038685 7.1 2024
968000011662200 -999 -999 -1.41923156658483 -0.572288585538393 7.1 2024
968000011662201 -999 -999 0.56262284183836 0.170018217655032 7.8 2024
968000011662211 -999 -999 0.230583837877031 2.30011600073182 7.1 2024
968000011662217 -999 -999 -0.196556353798263 1.75145445054537 7.7 2024
968000011662229 -999 -999 -0.973179824438419 0.58958293250349 7.3 2024
968000011662232 -999 -999 -0.2889403647204 -0.0559012441864448 7.3 2024
968000011662233 -999 -999 -0.399801177826965 0.557308723668993 7.3 2024
968000011662237 -999 -999 0.175696866682114 0.492760306 7.8 2024
968000011662241 -999 -999 -1.03355549275283 2.52603546257329 7.4 2024
968000011662258 -999 -999 -1.37081147615447 0.718679767841477 7.4 2024
968000011662259 -999 -999 0.866946642523048 -0.378643332531412 7.4 2024
968000011662263 -999 -999 -0.390562776734751 0.912325020848457 7.7 2024
968000011662267 -999 -999 0.948461946277875 1.65463182404188 7.5 2024
968000011662269 -999 -999 -0.642173347657984 0.0731955911515422 7.1 2024
968000011662271 -999 -999 -0.469360903697751 0.718679767841477 7.4 2024
968000011662293 -999 -999 -0.969919212288225 -0.475465959034902 7.8 2024
968000011662301 -999 -999 2.03370235693381 -2.63783795094618 7.4 2024
968000011662303 -999 -999 -0.269376691819242 0.0409213823170454 7.5 2024
968000011662309 -999 -999 -0.798682730867252 0.137744008820536 7.5 2024
968000011662337 -999 -999 0.594685527981926 -0.862756465048863 7.4 2024
968000011662339 -999 -999 0.513170224227099 0.557308723668993 7.8 2024
968000011662346 -999 -999 1.82502317932145 0.0409213823170454 7.7 2024
968000011662353 -999 -999 0.47784692593334 1.68690603287638 7.3 2024
968000011662354 -999 -999 0.63055226163405 1.55780919753839 7.7 2024
968000011662367 -999 -999 -1.00692716019292 0.363663470662013 7.4 2024
968000011662368 -999 -999 -0.69108252991088 -1.79870852124927 7.5 2024
968000011662369 -999 -999 -0.55304994888604 1.26734131802792 7.5 2024
968000011662392 -999 -999 -0.0400469705889946 -0.184998079524432 7.7 2024
968000011662400 -999 -999 2.20488449481894 -0.249546497193425 7.1 2024
968000011662416 -999 -999 -1.06947656994079 0.492760306 7.1 2024
968000011662434 -999 -999 -0.487294270523813 1.29961552686242 7.3 2024
968000011662442 -999 -999 -0.876393987113521 0.718679767841477 7.3 2024
968000011662445 -999 -999 0.970742795970861 -0.378643332531412 7.1 2024
968000011662447 -999 -999 -1.03138175131937 -0.0236270353519481 7.1 2024
968000011662450 -999 -999 -0.472078080489578 0.105469799986039 7.7 2024
968000011662455 -999 -999 0.652833111327036 -1.05640171805584 7.7 2024
968000011662458 -999 -999 -0.272637303969435 0.525034514834497 7.1 2024
968000011662460 -999 -999 0.0387511563740049 -999 8 2024
968000011662462 -999 -999 0.0789653728930529 1.75145445054537 7.4 2024
968000011662463 -999 -999 -0.318829309430503 -0.959579091552354 7.5 2024
968000011662469 -999 -999 2.5238810501795 0.976873438517451 7.7 2024
968000011662482 -999 -999 -1.320761079649 -0.152723870689935 7.7 2024
968000011662487 -999 -999 1.13812088634744 0.944599229682954 7.1 2024
968000011662490 -999 -999 -0.440558829704378 1.88055128588336 7.1 2024
968000011662507 -999 -999 -1.37956078542415 -1.57278905940779 7.5 2024
968000011662519 -999 -999 -1.24679952737545 0.492760306 7.4 2024
968000011662523 -999 -999 -0.442189135779475 -1.05640171805584 7.1 2024
968000011662532 -999 -999 -0.236770570317311 0.363663470662013 7.4 2024
968000011662557 -999 -999 -1.02486052701898 -0.0559012441864448 7.1 2024
968000011662565 -999 -999 -0.811181744109659 -0.70138542087638 7.8 2024
968000011662571 -999 -999 0.0583148292751634 0.460486097165503 7.3 2024
968000011662573 -999 -999 -0.766076609365321 -0.152723870689935 7.1 2024
968000011662575 -999 -999 -1.02649083309408 -1.96007956542175 7.5 2024
968000011662579 -999 -999 0.259385911870404 -0.0881754530209416 7.5 2024
968000011662597 -999 -999 0.04418550995766 1.10597027385544 7.5 2024
968000011662604 -999 -999 0.367529548185141 0.299115052993019 7.7 2024
968000011662605 -999 -999 1.0614965008179 0.00864717348254867 7.7 2024
968000011662607 -999 -999 -1.2059875319622 1.00914764735195 7.8 2024
968000011662613 -999 -999 -0.453057842946785 1.07369606502094 7.7 2024
968000011662617 -999 -999 0.624574472692029 -0.0236270353519481 7.4 2024
968000011662623 -999 -999 -999 0.0409213823170454 7.4 2024
968000011662625 -999 -999 0.0164703066810188 -0.0236270353519481 7.4 2024
968000011662631 -999 -999 0.475673184499878 -0.378643332531412 7.4 2024
968000011662633 -999 -999 -1.09990895000926 1.78372865937987 7.4 2024
968000011662642 -999 -999 -0.198186659873359 1.20279290035893 7.1 2024
968000011662646 -999 -999 -0.274811045402897 1.13824448268993 7.7 2024
968000011662649 -999 -999 -0.926933475441513 1.65463182404188 7.3 2024
968000011662651 -999 -999 -0.79650898943379 0.202292426489529 7.5 2024
968000011662653 -999 -999 -0.772597833665707 -0.0559012441864448 7.8 2024
968000011662659 -999 -999 -0.933998135100265 0.170018217655032 7.5 2024
968000011662678 -999 -999 0.258842476512038 0.525034514834497 7.1 2024
968000011662680 -999 -999 -0.556853996394598 -999 8 2024
968000011662686 -999 -999 0.925094225868158 1.04142185618644 7.3 2024
968000011662695 -999 -999 -1.02486052701898 2.23556758306282 7.1 2024
968000011662697 -999 -999 -0.572070186428833 -3.31559633647062 7.8 2024
968000011662712 -999 -999 1.40223047051308 0.0731955911515422 7.1 2024
968000011662737 -999 -999 1.04138939255838 -0.0559012441864448 7.7 2024
968000011662744 -999 -999 -0.442189135779475 1.36416394453141 7.1 2024
968000011662759 -999 -999 0.450131722656699 -0.346369123696916 7.3 2024
968000011662760 -999 -999 -0.716080556395694 0.557308723668993 7.4 2024
968000011662764 -999 -999 -0.587286376463067 -0.60456279437289 7.3 2024
968000011662786 -999 -999 -0.785096846908114 -999 8 2024
968000011662789 -999 -999 -0.0949339417839115 0.718679767841477 7.7 2024
968000011662805 -999 -999 0.83760113317131 -0.475465959034902 7.4 2024
968000011662821 -999 -999 -0.869329327454769 -0.540014376703896 7.8 2024
968000011662826 -999 -999 -0.18840482342278 0.0409213823170454 7.4 2024
968000011662835 -999 -999 -1.450229119426 -0.314094914862419 7.1 2024
968000011662841 -999 -999 -0.515009473800454 -0.0236270353519481 7.5 2024
968000011662844 -999 -999 -1.46001639023016 0.266840844158523 7.5 2024
968000011662856 -999 -999 -0.839983818103031 -999 8 2024
968000011662858 -999 -999 -1.17012079831008 -1.41141801523531 7.5 2024
968000011662882 -999 -999 -0.434581040762358 0.170018217655032 7.7 2024
968000011662885 -999 -999 -0.535660017418343 0.331389261827516 7.1 2024
968000011662886 -999 -999 -1.34418314359456 -1.25004697106282 7.8 2024
968000011662892 -999 -999 -0.694886577419439 -0.443191750200406 7.8 2024
968000011662899 -999 -999 -0.403061789977158 1.81600286821437 7.5 2024
968000011662903 -999 -999 -0.583482328954509 2.07419653889034 7.1 2024
968000011662914 -999 -999 2.21738350806135 -0.217272288358929 7.7 2024
968000011662921 -999 -999 -0.485120529090351 0.718679767841477 7.1 2024
968000011662928 -999 -999 -1.21691058266535 -0.0881754530209416 7.1 2024
968000011662929 -999 -999 0.0153834359642878 0.266840844158523 7.7 2024
968000011662951 -999 -999 -0.231336216733656 0.137744008820536 7.1 2024
968000011662952 -999 -999 -1.09393116106724 -0.0236270353519481 7.4 2024
968000011662958 -999 -999 -0.801943343017445 1.10597027385544 7.7 2024
968000011662968 -999 -999 -1.33005382427705 0.912325020848457 7.8 2024
968000011662972 -999 -999 -1.30391458353967 0.492760306 7.5 2024
968000011662981 -999 -999 -0.535116582059978 2.4614870449043 7.1 2024
968000011662983 -999 -999 -1.21142188554586 0.00864717348254867 7.4 2024
968000011662996 -999 -999 0.00723190558880508 0.202292426489529 7.1 2024
968000011663002 -999 -999 -0.472078080489578 -0.0236270353519481 7.7 2024
968000011663005 -999 -999 -0.699777495644729 -0.249546497193425 7.4 2024
968000011663016 -999 -999 -0.70684215530348 1.94509970355235 7.3 2024
968000011663021 -999 -999 -0.844874736328321 1.55780919753839 7.1 2024
968000011663049 -999 -999 -0.996547544848136 1.4932607798694 7.3 2024
968000011663050 -999 -999 -0.0297216987800499 0.0409213823170454 7.3 2024
968000011663079 -999 -999 -1.44641963756386 0.170018217655032 7.3 2024
968000011663081 -999 -999 0.828362732079097 0.718679767841477 7.7 2024
968000011663093 -999 -999 -0.709559332095308 -0.217272288358929 7.1 2024
968000011663094 -999 -999 -0.034069181646974 0.880050812013961 7.7 2024
968000011663102 -999 -999 -0.368825362400131 0.78322818551047 7.8 2024
968000011663119 -999 -999 -0.634021817282501 1.33188973569692 7.1 2024
968000011663121 -999 -999 -0.833462593802645 -0.120449661855438 7.8 2024
968000011663129 -999 -999 -0.698690624927997 0.460486097165503 7.1 2024
968000011663131 -999 -999 -0.279701963628186 -0.0881754530209416 7.8 2024
968000011663140 -999 -999 -0.930194087591706 0.0731955911515422 7.5 2024
968000011663141 -999 -999 0.665332124569442 -0.249546497193425 7.7 2024
968000011663142 -999 -999 0.120266460128832 0.58958293250349 7.4 2024
968000011663143 -999 -999 0.930528579451813 -1.37914380640081 7.1 2024
968000011663144 -999 -999 1.30169492921546 -0.475465959034902 7.1 2024
968000011663145 -999 -999 1.46526897208348 -0.669111212041883 7.8 2024
968000011663146 -999 -999 -1.48775876527472 0.363663470662013 7.5 2024
968000011663155 -999 -999 -0.466643726905923 0.460486097165503 7.5 2024
968000011663163 -999 -999 -0.094390506425546 -0.0881754530209416 7.7 2024
968000011663165 -999 -999 0.786518209484952 0.39593767949651 7.5 2024
968000011663167 -999 -999 -0.140039076528249 0.363663470662013 7.1 2024
968000011663168 -999 -999 -0.809008002676197 0.976873438517451 7.8 2024
968000011663170 -999 -999 0.49849746955123 0.137744008820536 7.3 2024
968000011663178 -999 -999 -1.48612845919963 1.36416394453141 7.4 2024
968000011663186 -999 -999 1.72014015515691 0.912325020848457 7.4 2024
968000011663198 -999 -999 -0.56880957427864 -1.41141801523531 7.4 2024
968000011663199 -999 -999 0.897379022591517 -0.636837003207386 7.5 2024
968000011663201 -999 -999 -0.385671858509462 0.0409213823170454 7.8 2024
968000011663206 -999 -999 -1.01942617343532 1.13824448268993 7.1 2024
968000011663214 -999 -999 1.92610215597743 0.557308723668993 7.4 2024
968000011663219 -999 -999 -0.812812050184755 0.58958293250349 7.3 2024
968000011663226 -999 -999 1.15388051174004 0.78322818551047 7.5 2024
968000011663239 -999 -999 -0.283506011136745 -1.21777276222833 7.4 2024
968000011663240 -999 -999 -0.399257742468599 1.23506710919342 7.5 2024
968000011663247 -999 -999 -0.767163480082052 0.492760306 7.4 2024
968000011663250 -999 -999 -1.45675577807997 -0.0236270353519481 7.5 2024
968000011663252 -999 -999 0.962591265595379 1.36416394453141 7.3 2024
968000011663259 -999 -999 -0.160146184787773 1.20279290035893 7.1 2024
968000011663264 -999 -999 -0.491098318032371 0.137744008820536 7.5 2024
968000011663266 -999 -999 -0.740535147522142 0.944599229682954 7.3 2024
968000011663275 -999 -999 0.519691448527485 -0.830482256214367 7.8 2024
968000011663277 -999 -999 0.607184541224332 -1.5405148505733 7.7 2024
968000011663286 -999 -999 -0.469360903697751 0.912325020848457 7.8 2024
968000011663288 -999 -999 0.644681580951553 -0.249546497193425 7.1 2024
968000011663291 -999 -999 0.653919982043767 -0.572288585538393 7.1 2024
968000011663292 -999 -999 0.516974271735657 -0.99185330038685 7.5 2024
968000011663306 -999 -999 -0.0715662213741944 -0.217272288358929 7.1 2024
968000011663314 -999 -999 0.0594016999918944 -0.959579091552354 7.3 2024
968000011663323 -999 -999 -0.0558065959815945 -1.41141801523531 7.7 2024
968000011663336 -999 -999 0.0675532303673771 -2.34737007143571 7.4 2024
968000011663337 -999 -999 0.132222038012873 2.36466441840081 7.1 2024
968000011663338 -999 -999 1.02562976716578 -999 8 2024
968000011663340 -999 -999 -0.180796728405663 1.62235761520739 7.1 2024
968000011663343 -999 -999 -0.0688490445823669 1.10597027385544 7.1 2024
968000011663358 -999 -999 0.783257597334759 0.363663470662013 7.1 2024
968000011663360 -999 -999 -1.48014523590402 0.0731955911515422 7.1 2024
968000011663363 -999 -999 -1.27837312169649 0.557308723668993 7.1 2024
968000011663364 -999 -999 -0.810638308751293 0.750953976675974 7.4 2024
968000011663366 -999 -999 -0.0395035352306291 -0.281820706027922 7.5 2024
968000011663368 -999 -999 -0.583482328954509 1.68690603287638 7.8 2024
968000011663375 -999 -999 0.270798054396079 -0.152723870689935 7.1 2024
968000011663388 -999 -999 0.377854819994086 0.525034514834497 7.4 2024
968000011663401 -999 -999 0.655550288118863 0.234566635324026 7.7 2024
968000011663402 -999 -999 -0.595981342196915 -0.959579091552354 7.4 2024
968000011663404 -999 -999 0.872924431465069 0.525034514834497 7.4 2024
968000011663410 -999 -999 -0.831832287727548 0.976873438517451 7.1 2024
968000011663416 -999 -999 0.589794609756636 0.0409213823170454 7.1 2024
968000011663419 -999 -999 -1.37135491151283 0.170018217655032 7.7 2024
968000011663420 -999 -999 0.966395313103937 -0.346369123696916 7.4 2024
968000011663424 -999 -999 -0.853569702062169 -0.443191750200406 7.8 2024
968000011663427 -999 -999 -0.473708386564675 0.815502394344967 7.5 2024
968000011663456 -999 -999 -0.874763681038424 1.33188973569692 7.4 2024
968000011663457 -999 -999 0.568057195422015 1.5255349887039 7.4 2024
968000011663463 -999 -999 -0.174818939463642 -0.540014376703896 7.8 2024
968000011663469 -999 -999 -0.981331354813901 0.880050812013961 7.1 2024
968000011663478 -999 -999 1.90762535379301 -0.70138542087638 7.1 2024
968000011663479 -999 -999 -0.124279451135649 0.331389261827516 7.1 2024
968000011663480 -999 -999 1.80654637713702 -0.281820706027922 7.4 2024
968000011663485 -999 -999 -1.19837943694509 0.202292426489529 7.8 2024
968000011663492 -999 -999 -1.08143214782483 1.97737391238685 7.8 2024
968000011663505 -999 -999 1.26908880771353 -0.99185330038685 7.4 2024
968000011663507 -999 -999 0.635443179859339 -0.410917541365909 7.4 2024
968000011663514 -999 -999 2.36954540840369 0.912325020848457 7.7 2024
968000011663527 -999 -999 0.902269940816807 0.976873438517451 7.4 2024
968000011663542 -999 -999 0.909334600475558 -0.217272288358929 7.8 2024
968000011663551 -999 -999 -1.1777288933272 0.137744008820536 7.3 2024
968000011663560 -999 -999 -0.673692598443184 -0.830482256214367 7.4 2024
968000011663581 -999 -999 -0.383498117075999 0.363663470662013 7.7 2024
968000011663602 -999 -999 -1.48775876527472 1.13824448268993 7.4 2024
968000011663611 -999 -999 -0.990569755906115 0.621857141337987 7.8 2024
968000011663613 -999 -999 -1.26853694171008 -0.70138542087638 7.4 2024
968000011663625 -999 -999 0.194717104224907 0.492760306 7.1 2024
968000011663630 -999 -999 -1.06730282850733 -0.346369123696916 7.1 2024
968000011663639 -999 -999 0.131678602654508 -1.12095013572484 7.5 2024
968000011663643 -999 -999 1.17127044320774 -999 8 2024
968000011663648 -999 -999 -0.459579067247171 -999 8 2024
968000011663660 -999 -999 -0.102542036801029 -0.249546497193425 7.8 2024
968000011663668 -999 -999 -1.29793679459765 -1.4759664329043 7.4 2024
968000011663693 -999 -999 -0.793791812641962 -0.540014376703896 7.8 2024
968000011663699 -999 -999 0.221345436784818 0.880050812013961 7.5 2024
968000011663708 -999 -999 0.282210196921755 1.13824448268993 7.1 2024
968000011663712 -999 -999 1.88914855160858 1.39643815336591 7.8 2024
968000011663722 -999 -999 -0.697603754211267 0.880050812013961 7.1 2024
968000011663747 -999 -999 -1.45892951951343 1.36416394453141 7.3 2024
968000011663751 -999 -999 -0.340566723765124 -0.765933838545373 7.3 2024
968000011663762 -999 -999 1.08269047979416 0.0731955911515422 7.3 2024
968000011663789 -999 -999 -0.84976565455361 1.17051869152443 7.7 2024
968000011663799 -999 -999 0.252321252211652 0.912325020848457 7.3 2024
968000011663804 -999 -999 0.580012773306057 0.428211888331006 7.3 2024
968000011663805 -999 -999 -0.919868815782762 -0.346369123696916 7.4 2024
968000011663822 -999 -999 -1.09773520857579 1.10597027385544 7.4 2024
968000011663824 -999 -999 -0.973179824438419 1.55780919753839 7.3 2024
968000011663835 -999 -999 -0.160689620146139 1.13824448268993 7.1 2024
968000011663843 -999 -999 -0.491641753390737 -0.378643332531412 7.1 2024
968000011663846 -999 -999 -1.33277100106888 -0.0559012441864448 7.3 2024
968000011663847 -999 -999 0.873467866823434 -2.89603162162216 7.7 2024
968000011663881 -999 -999 0.697394810713008 1.65463182404188 7.7 2024
968000011663882 -999 -999 -0.234053393525483 -0.217272288358929 7.1 2024
968000011663887 -999 -999 -0.453601278305151 1.10597027385544 7.4 2024
968000011663888 -999 -999 1.0332378621829 1.10597027385544 7.1 2024
968000011663890 -999 -999 -0.712276508887135 0.460486097165503 7.1 2024
968000011663895 -999 -999 -1.1619692679346 0.815502394344967 7.1 2024
968000011663906 -999 -999 -0.43675478219582 0.944599229682954 7.5 2024
968000011663912 -999 -999 -0.221554380283076 -0.669111212041883 7.1 2024
968000011663914 -999 -999 -0.109063261101415 1.29961552686242 7.3 2024
968000011663918 -999 -999 0.138199826954894 1.26734131802792 7.1 2024
968000011663925 -999 -999 -0.762272561856763 0.105469799986039 7.5 2024
968000011663938 -999 -999 -0.242204923900966 1.65463182404188 7.5 2024
968000011663949 -999 -999 0.300686999106183 -0.60456279437289 7.1 2024
968000011663952 -999 -999 0.107767446886425 0.202292426489529 7.5 2024
968000011663958 -999 -999 -0.572070186428833 0.750953976675974 7.5 2024
968000011663982 -999 -999 0.235474756102321 1.94509970355235 7.1 2024
968000011663983 -999 -999 0.647398757743381 0.0409213823170454 7.1 2024
968000011663988 -999 -999 -0.728036134279735 0.428211888331006 7.7 2024
968000011663992 -999 -999 -0.0280913927049533 0.266840844158523 7.8 2024
968000011664004 -999 -999 -0.486750835165447 1.17051869152443 7.1 2024
968000011664079 -999 -999 0.797386916652262 1.17051869152443 7.1 2024
968000011664090 -999 -999 0.425133696171885 -0.346369123696916 7.4 2024
968000011664121 -999 -999 -0.580221716804315 0.331389261827516 7.5 2024
968000011664163 -999 -999 0.80499501166938 -999 8 2024
968000011664197 -999 -999 -0.00961459052052585 1.78372865937987 7.3 2024
968000011664202 -999 -999 -0.42099515680322 -0.0236270353519481 7.5 2024
968000011664206 -999 -999 -0.566092397486812 -0.862756465048863 7.8 2024
968000011664213 -999 -999 -1.2272358544743 0.202292426489529 7.5 2024
968000011664257 -999 -999 -0.0579803374150566 0.0731955911515422 7.7 2024
968000011664266 -999 -999 0.463717606615837 0.0409213823170454 7.4 2024
968000011664268 -999 -999 0.559362229688167 -0.0881754530209416 7.4 2024
968000011664276 -999 -999 -0.616088450456439 -0.184998079524432 7.7 2024
968000011664284 -999 -999 0.443610498356313 0.944599229682954 7.5 2024
968000011664287 -999 -999 -0.618805627248267 -0.0881754530209416 7.1 2024
968000011664295 -999 -999 -0.786183717624845 -0.378643332531412 7.5 2024
968000011664309 -999 -999 -0.370999103833593 0.621857141337987 7.4 2024
968000011664318 -999 -999 -0.134604722944594 0.428211888331006 7.4 2024
968000011664328 -999 -999 -0.323720227655793 1.20279290035893 7.5 2024
968000011664334 -999 -999 -1.38988605723309 0.363663470662013 7.5 2024
968000011664343 -999 -999 -0.18840482342278 -0.60456279437289 7.1 2024
968000011664346 -999 -999 -0.255790807860104 -999 8 2024
968000011664354 -999 -999 0.195260539583273 0.58958293250349 7.7 2024
968000011664362 -999 -999 0.601206752282312 0.58958293250349 7.1 2024
968000011664367 -999 -999 -1.40292850583387 -0.346369123696916 7.5 2024
968000011664401 -999 -999 -0.182970469839125 -0.0559012441864448 7.1 2024
968000011664413 -999 -999 -0.140039076528249 0.137744008820536 7.1 2024
968000011664416 -999 -999 1.64840668785266 -0.410917541365909 7.7 2024
968000011664439 -999 -999 -0.341653594481855 -999 8 2024
968000011664465 -999 -999 -0.247095842126255 0.492760306 7.4 2024
968000011664478 -999 -999 0.117005847978639 -0.70138542087638 7.4 2024
968000011664488 -999 -999 0.564796583271822 -0.475465959034902 7.1 2024
968000011664521 -999 -999 -0.703581543153287 1.23506710919342 7.5 2024
968000011664543 -999 -999 -0.609023790797688 0.00864717348254867 7.5 2024
968000011664551 -999 -999 0.859338547505931 1.00914764735195 7.1 2024
968000011664554 -999 -999 0.0648360535755496 1.88055128588336 7.5 2024
968000011664561 -999 -999 0.341988086341962 1.42871236220041 7.1 2024
968000011664583 -999 -999 -0.873676810321693 -0.0236270353519481 7.8 2024
968000011664588 -999 -999 -1.09773520857579 -0.378643332531412 7.4 2024
968000011664589 -999 -999 -0.994373803414674 2.04192233005584 7.1 2024
968000011664600 -999 -999 -0.685648176327225 1.33188973569692 7.1 2024
968000011664605 -999 -999 -1.4023850704755 0.525034514834497 7.4 2024
968000011664621 -999 -999 0.772932325525814 1.33188973569692 7.1 2024
968000011664624 -999 -999 0.377854819994086 -0.79820804737987 7.7 2024
968000011664647 -999 -999 -0.325350533730889 0.331389261827516 7.1 2024
968000011664648 -999 -999 1.51146097754455 0.0409213823170454 7.1 2024
968000011664675 -999 -999 0.422416519380058 1.13824448268993 7.4 2024
968000011664702 -999 -999 -999 0.718679767841477 7.3 2024
968000011664722 -999 -999 -1.35782337108953 1.23506710919342 7.1 2024
968000011664753 -999 -999 -0.649781442675101 1.78372865937987 7.4 2024
968000011664764 -999 -999 0.3082950941233 -0.475465959034902 7.8 2024
968000011664766 -999 -999 0.021904660264674 1.00914764735195 7.4 2024
968000011664781 -999 -999 1.14301180457273 -999 8 2024
968000011664800 -999 -999 0.395244751461782 -999 8 2024
968000011664808 -999 -999 -0.142212817961711 -0.184998079524432 7.7 2024
968000011664835 -999 -999 -0.365564750249937 -999 8 2024
968000011664860 -999 -999 0.661528077060884 -0.733659629710876 7.4 2024
968000011664872 -999 -999 1.10986224771243 -1.76643431241477 7.4 2024
968000011664881 -999 -999 0.466434783407664 0.718679767841477 7.3 2024
968000011664893 -999 -999 1.2663716309217 0.0409213823170454 7.1 2024
968000011664905 -999 -999 0.581099644022788 0.525034514834497 7.1 2024
968000011664910 -999 -999 0.969112489895765 -0.314094914862419 7.4 2024
968000011664912 -999 -999 0.839231439246407 1.55780919753839 7.5 2024
968000011664927 -999 -999 -0.257964549293566 -999 8 2024
968000011664933 -999 -999 -0.868242456738038 0.847776603179464 7.1 2024
968000011664986 -999 -999 0.0316864967152532 -0.0559012441864448 7.5 2024
968000011664991 -999 -999 -0.787814023699942 2.4937612537388 7.1 2024
968000011664993 -999 -999 -0.544354983152192 0.460486097165503 7.4 2024
968000011664999 -999 -999 -0.300895942604441 -999 8 2024
968000011666031 -999 -999 0.19199992743308 1.04142185618644 7.4 2024
968000011666032 -999 -999 0.291992033372334 -1.25004697106282 7.4 2024
968000011666042 -999 -999 -1.11028856535404 0.00864717348254867 7.5 2024
968000011666044 -999 -999 1.20115938791784 0.0731955911515422 7.4 2024
968000011666048 -999 -999 -1.48775876527472 1.23506710919342 7.5 2024
968000011666097 -999 -999 -1.32896695356032 -1.21777276222833 7.1 2024
968000011666102 -999 -999 -1.05860786277348 -999 8 2024
968000011666110 -999 -999 -0.428059816461972 -0.0881754530209416 7.3 2024
968000011666127 -999 -999 -1.48704360434311 -1.4436922240698 7.1 2024
968000011666132 -999 -999 0.145807921972011 -0.0236270353519481 7.7 2024
968000011666134 -999 -999 -0.0329823109302429 -0.60456279437289 7.1 2024
968000011666137 -999 -999 1.49189730464339 0.654131350172484 7.1 2024
968000011666144 -999 -999 -0.218293768132883 -2.21827323609773 7.8 2024
968000011666147 -999 -999 0.249060640061459 0.0731955911515422 7.1 2024
968000011666150 -999 -999 -0.78074936404119 0.976873438517451 7.5 2024
968000011666163 -999 -999 1.59623689344957 0.492760306 7.5 2024
968000011666172 -999 -999 -1.20218348445365 -0.70138542087638 7.4 2024
968000011666173 -999 -999 -0.405778966768986 1.04142185618644 7.3 2024
968000011666174 -999 -999 -0.342740465198586 0.976873438517451 7.1 2024
968000011666177 -999 -999 1.34027883965941 -0.443191750200406 7.1 2024
968000011666178 -999 -999 -0.710102767453673 0.750953976675974 7.1 2024
968000011666190 -999 -999 0.0284258845650601 0.363663470662013 7.8 2024
968000011666193 -999 -999 -0.714993685678963 1.71918024171088 7.5 2024
968000011666200 -999 -999 0.662614947777615 0.912325020848457 7.1 2024
968000011666226 -999 -999 -1.47089596610464 0.880050812013961 7.5 2024
968000011666227 -999 -999 -1.33548817786071 1.13824448268993 7.5 2024
968000011666231 -999 -999 1.37940618546173 -1.37914380640081 7.4 2024
968000011666236 -999 -999 1.7375300866246 -1.5405148505733 7.1 2024
968000011666243 -999 -999 -0.176449245538739 -0.410917541365909 7.1 2024
968000011666254 -999 -999 -0.0275479573465878 -0.184998079524432 7.7 2024
968000011666261 -999 -999 -0.210685673115766 -0.475465959034902 7.8 2024
968000011666262 -999 -999 -0.688908788477418 -0.249546497193425 7.3 2024
968000011666264 -999 -999 -1.4518594255011 -2.5087411156082 7.4 2024
968000011666273 -999 -999 -0.566635832845178 -0.765933838545373 7.7 2024
968000011666280 -999 -999 0.622944166616932 0.170018217655032 7.1 2024
968000011666281 -999 -999 -0.902478884315065 2.13874495655933 7.5 2024
968000011666286 -999 -999 0.156133193780956 0.460486097165503 7.7 2024
968000011666301 -999 -999 -1.20327035517038 0.621857141337987 7.5 2024
968000011666306 -999 -999 -0.44762348936313 -0.443191750200406 7.1 2024
968000011666319 -999 -999 -0.642173347657984 0.00864717348254867 7.1 2024
968000011666321 -999 -999 1.48809325713483 1.23506710919342 7.4 2024
968000011666332 -999 -999 -0.772597833665707 -0.249546497193425 7.4 2024
968000011666335 -999 -999 0.798473787368993 -0.152723870689935 7.1 2024
968000011666340 -999 -999 -0.569353009637005 -0.152723870689935 7.1 2024
968000011666355 -999 -999 -0.000919624786677626 -2.41191848910471 7.5 2024
968000011666356 -999 -999 0.241452545044342 -0.217272288358929 7.8 2024
968000011666359 -999 -999 -1.10588673895128 0.39593767949651 7.4 2024
968000011666360 -999 -999 -0.322089921580696 -0.669111212041883 7.8 2024
968000011666366 -999 -999 0.378398255352451 -1.34686959756631 7.7 2024
968000011666369 -999 -999 0.935419497677103 -0.184998079524432 7.5 2024
968000011666382 -999 -999 -0.499249848407854 2.33239020956631 7.1 2024
968000011666394 -999 -999 -1.48775876527472 1.26734131802792 7.4 2024
968000011666397 -999 -999 -1.13583002719722 -0.636837003207386 7.4 2024
968000011666398 -999 -999 -0.0992814246508356 -1.99235377425625 7.4 2024
968000011666400 -999 -999 -0.110150131818146 0.815502394344967 7.1 2024
968000011666402 -999 -999 -0.255247372501738 0.750953976675974 7.3 2024
968000011666410 -999 -999 0.201781763883659 1.62235761520739 7.5 2024
968000011666417 -999 -999 -0.0155923794625465 -0.765933838545373 7.1 2024
968000011666433 -999 -999 0.0958118690023839 1.42871236220041 7.1 2024
968000011666447 -999 -999 0.505562129209981 0.137744008820536 7.1 2024
968000011666453 -999 -999 0.338184038833403 -0.410917541365909 7.7 2024
968000011666457 -999 -999 -1.05480381526492 0.0731955911515422 7.4 2024
968000011666459 -999 -999 -1.34200940216109 0.39593767949651 7.4 2024
968000011666466 -999 -999 0.227323225726838 0.815502394344967 7.5 2024
968000011666469 -999 -999 0.600119881565581 0.621857141337987 7.4 2024
968000011666494 -999 -999 0.744130251532442 -0.99185330038685 7.7 2024
968000011666512 -999 -999 -1.10262612680108 -1.18549855339383 7.4 2024
968000011666518 -999 -999 -1.17120766902681 -0.862756465048863 7.5 2024
968000011666533 -999 -999 -0.607393484722591 0.750953976675974 7.4 2024
968000011666562 -999 -999 -0.65358549018366 -0.862756465048863 7.4 2024
968000011666564 -999 -999 -0.473164951206309 1.42871236220041 7.3 2024
968000011666565 -999 -999 1.43048910914809 -0.79820804737987 7.7 2024
968000011666577 -999 -999 -0.404692096052254 0.654131350172484 7.4 2024
968000011666582 -999 -999 -0.87530711639679 -0.281820706027922 7.4 2024
968000011666616 -999 -999 -0.974810130513515 -0.0236270353519481 7.1 2024
968000011666618 -999 -999 -0.313938391205214 0.654131350172484 7.8 2024
968000011666629 -999 -999 -1.48340693492493 0.0409213823170454 7.7 2024
968000011666632 -999 -999 0.207216117467314 1.33188973569692 7.1 2024
968000011666646 -999 -999 1.22778772047775 -1.05640171805584 7.1 2024
968000011666669 -999 -999 -0.188948258781145 -0.959579091552354 7.4 2024
968000011666678 -999 -999 0.260472782587135 1.07369606502094 7.3 2024
968000011666681 -999 -999 -0.70086436636146 0.912325020848457 7.3 2024
968000011666684 -999 -999 1.21202809508515 -0.249546497193425 7.4 2024
968000011666692 -999 -999 -1.48558285009983 0.266840844158523 7.1 2024
968000011666704 -999 -999 -1.00747059555128 -1.12095013572484 7.7 2024
968000011666714 -999 -999 -0.678583516668473 -1.4436922240698 7.4 2024
968000011666721 -999 -999 -0.599241954347108 -0.0559012441864448 7.5 2024
968000011666732 -999 -999 -1.48775876527472 0.557308723668993 7.4 2024
968000011666742 -999 -999 -1.48775876527472 1.65463182404188 7.1 2024
968000011666770 -999 -999 -0.642173347657984 -0.830482256214367 7.4 2024
968000011666780 -999 -999 -0.530769099193054 0.976873438517451 7.1 2024
968000011666783 -999 -999 -0.870959633529865 0.266840844158523 7.7 2024
968000011666813 -999 -999 -1.32896695356032 1.91282549471786 7.5 2024
968000011666814 -999 -999 0.00179755200514994 1.26734131802792 7.3 2024
968000011666816 -999 -999 -0.475882127998137 0.78322818551047 7.1 2024
968000011666818 -999 -999 -1.47198827117496 -0.572288585538393 7.8 2024
968000011666821 -999 -999 -0.0335257462886085 0.0409213823170454 7.7 2024
968000011666836 -999 -999 -1.38336483293271 0.815502394344967 7.8 2024
968000011666839 -999 -999 -1.17283797510191 1.00914764735195 7.5 2024
968000011666844 -999 -999 -1.14197084674675 0.460486097165503 7.4 2024
968000011666854 -999 -999 -0.672605727726453 -0.281820706027922 7.4 2024
968000011666867 -999 -999 0.503931823134885 0.557308723668993 7.1 2024
968000011666871 -999 -999 -0.318285874072138 -2.67011215978068 7.5 2024
968000011666872 -999 -999 -1.26223309155304 -999 8 2024
968000011666874 -999 -999 0.191456492074714 -0.70138542087638 7.7 2024
968000011666877 -999 -999 -0.630217769773943 0.0731955911515422 7.1 2024
968000011666887 -999 -999 -1.37896300652995 0.0731955911515422 7.1 2024
968000011666906 -999 -999 -0.517726650592281 2.20329337422833 7.5 2024
968000011666913 -999 -999 0.351226487434175 -1.15322434455933 7.4 2024
968000011666918 -999 -999 -0.311764649771752 1.94509970355235 7.4 2024
968000011666924 -999 -999 -0.663910761992605 1.5255349887039 7.4 2024
968000011666947 -999 -999 -0.794335248000328 -1.89553114775276 7.4 2024
968000011666951 -999 -999 -0.661193585200777 -0.378643332531412 7.1 2024
968000011666954 -999 -999 -1.48558285009983 1.5255349887039 7.1 2024
968000011666959 -999 -999 0.753368652624656 -0.314094914862419 7.4 2024
968000011666970 -999 -999 -0.831832287727548 -0.669111212041883 7.7 2024
968000011666982 -999 -999 -0.889979871072658 -0.217272288358929 7.5 2024
968000011666990 -999 -999 -1.4023850704755 0.428211888331006 7.3 2024
968000011667008 -999 -999 -0.0889561528418909 -1.02412750922135 7.8 2024
968000011667011 -999 -999 0.966938748462303 1.68690603287638 7.4 2024
968000011667014 -999 -999 -0.611740967589515 0.460486097165503 7.5 2024
968000011667015 -999 -999 0.345248698492155 1.94509970355235 7.4 2024
968000011667016 -999 -999 0.270798054396079 1.10597027385544 7.1 2024
968000011667018 -999 -999 0.59903301084885 0.750953976675974 7.8 2024
968000188975321 -999 -999 -1.19077134192797 -0.281820706027922 7.7 2024
968000188975324 -999 -999 -0.246008971409524 -0.314094914862419 7.4 2024
968000188975328 -999 -999 -0.795422118717059 0.00864717348254867 7.5 2024
968000188975331 -999 -999 -0.681300693460301 -0.540014376703896 7.4 2024
968000188975336 -999 -999 -0.605219743289129 2.52603546257329 7.5 2024
968000188975352 -999 -999 -0.751403854689452 0.170018217655032 7.5 2024
968000188975356 -999 -999 -0.920412251141127 -0.443191750200406 7.1 2024
968000188975358 -999 -999 -0.251986760351545 0.718679767841477 7.1 2024
968000188975391 -999 -999 -0.509031684858433 -999 8 2024
968000188975403 -999 -999 -0.982418225530632 0.428211888331006 7.4 2024
968000188975407 -999 -999 -1.33222756571051 1.00914764735195 7.8 2024
968000188975409 -999 -999 0.368616418901872 0.976873438517451 7.8 2024
968000188975428 -999 -999 -0.7758584458159 1.26734131802792 7.5 2024
-999 -999 -999 1.99674875256495 -999 7.1 2024
968000010915590 -999 -999 -0.0677621738656358 -999 6.6 2020
968000010915612 -999 -999 -1.23560475899313 -999 9.9 2020
968000010915641 -999 -999 -0.486207399807082 -2.37964428027021 8.2 2020
968000010915644 -999 -999 0.450131722656699 0.525034514834497 6.3 2020
968000010915650 -999 -999 -0.516096344517185 -999 9.6 2020
968000010915657 -999 -999 2.47225469113478 -999 6.6 2020
968000010915683 -999 -999 -1.05138017250722 -999 9.6 2020
968000010915687 -999 -999 -1.08398629400915 -999 4 2020
968000010915707 -999 -999 -1.12583081660329 -999 9.6 2020
968000010915714 -999 -999 -0.181883599122394 -1.41141801523531 10 2020
968000010915729 -999 -999 -0.842700994894859 -0.765933838545373 5.1 2020
968000010915754 -999 -999 -0.52642161632613 0.525034514834497 10 2020
968000010915783 -999 -999 -0.269920127177607 1.17051869152443 5.1 2020
968000010915811 -999 -999 -0.519900392025743 0.202292426489529 6.3 2020
968000010915812 -999 -999 0.50936617671854 -999 9.9 2020
968000010915826 -999 -999 1.28919591597305 -0.60456279437289 5.9 2020
968000010915839 -999 -999 -0.118301662193629 -0.281820706027922 5.1 2020
968000010915849 -999 -999 2.42443237959861 -1.08867592689034 6.3 2020
968000010915850 -999 -999 -0.278615092911455 -999 8.1 2020
968000010915861 -999 -999 0.445240804431409 -999 8.1 2020
968000010915890 -999 -999 -0.976929528411141 -0.281820706027922 8.2 2020
968000010915909 -999 -999 0.953352864503165 0.0409213823170454 5.2 2020
968000010915910 -999 -999 -0.656846102333853 -0.443191750200406 8.2 2020
968000010915915 -999 -999 -1.02692558138077 1.65463182404188 8.2 2020
968000010915940 -999 -999 -0.694343142061073 0.847776603179464 5.2 2020
968000010915971 -999 -999 -0.426972945745241 1.33188973569692 5.9 2020
968000010915977 -999 -999 0.754998958699752 0.0409213823170454 5.1 2020
968000010915984 -999 -999 -0.924759734008051 -0.60456279437289 8.2 2020
968000010916010 -999 -999 -0.820963580560238 -999 8.1 2020
968000010916020 -999 -999 -0.410669884994275 -0.443191750200406 10 2020
968000010916032 -999 -999 -0.693256271344342 -1.41141801523531 8.2 2020
968000010916042 -999 -999 -0.806834261242735 1.00914764735195 5.9 2020
968000010916045 -999 -999 -0.655759231617122 -1.57278905940779 5.1 2020
968000010916053 -999 -999 0.242539415761073 -0.443191750200406 8.2 2020
968000010916057 -999 -999 1.12779561453849 -1.41141801523531 5.9 2020
968000010916068 -999 -999 1.9250152852607 -0.281820706027922 5.9 2020
968000010916096 -999 -999 -0.625326851548653 -1.73416010358028 8.2 2020
968000010916113 -999 -999 0.463717606615837 -0.927304882717857 5.9 2020
968000010916116 -999 -999 -0.912260720765644 0.847776603179464 6.3 2020
968000010916124 -999 -999 2.26303207816405 -999 6.9 2020
968000010916128 -999 -999 0.161567547364611 -0.120449661855438 5.1 2020
968000010916131 -999 -999 1.40657795338 0.0409213823170454 5.1 2020
968000010916134 -999 -999 -0.676409775235011 -0.120449661855438 8.2 2020
968000010916162 -999 -999 -0.113410743968339 -0.281820706027922 10 2020
968000010916178 -999 -999 0.546319781087395 0.0409213823170454 6.3 2020
968000010916186 -999 -999 -0.132430981511132 -0.443191750200406 5.9 2020
968000010916199 -999 -999 -0.481859916940157 -0.60456279437289 5.1 2020
968000010916205 -999 -999 0.00288442272188097 -1.25004697106282 5.1 2020
968000010916218 -999 -999 -0.11449761468507 -0.443191750200406 5.9 2020
968000010916226 -999 -999 0.300686999106183 1.17051869152443 5.1 2020
968000010916230 -999 -999 3.55260418356542 -999 9.9 2020
968000010916252 -999 -999 0.365899242110044 -0.443191750200406 5.1 2020
968000010916257 -999 -999 -0.229705910658559 -0.120449661855438 5.2 2020
968000010916273 -999 -999 0.320250672007341 0.202292426489529 6.3 2020
968000010916285 -999 -999 -0.730209875713197 0.363663470662013 8.2 2020
968000010916294 -999 -999 -0.276984786836359 0.525034514834497 6.3 2020
968000010916299 -999 -999 -0.426972945745241 -999 6.9 2020
968000010916301 -999 -999 3.1069871897057 -0.60456279437289 5.1 2020
968000010916303 -999 -999 -0.765533174006956 1.17051869152443 5.9 2020
968000010916315 -999 -999 -1.2942957776966 0.847776603179464 8.2 2020
968000010916319 -999 -999 0.78923538627678 -0.765933838545373 5.2 2020
968000010916321 -999 -999 -0.311221214413386 0.363663470662013 8.2 2020
968000010916334 -999 -999 -0.825854498785528 -2.54101532444269 8.2 2020
968000010916369 -999 -999 -0.901392013598334 -1.08867592689034 8.2 2020
968000010916371 -999 -999 -0.673149163084818 0.68640555900698 5.1 2020
968000010916400 -999 -999 0.945744769486048 -999 4 2020
968000010916415 -999 -999 0.180587784907404 0.0409213823170454 5.9 2020
968000010916421 -999 -999 -0.434581040762358 -0.120449661855438 5.1 2020
968000010916445 -999 -999 -0.115041050043436 1.33188973569692 5.1 2020
968000010916483 -999 -999 -0.403605225335523 -0.60456279437289 8.2 2020
968000010916516 -999 -999 1.60330155310832 0.525034514834497 5.9 2020
968000010916545 -999 -999 -0.397084001035137 -0.443191750200406 8.2 2020
968000010916560 -999 -999 0.167545336306632 0.0409213823170454 8.2 2020
968000010916569 -999 -999 -0.478055869431599 -1.73416010358028 5.1 2020
968000010916580 -999 -999 0.172436254531921 -0.927304882717857 5.2 2020
968000010916597 -999 -999 -0.349805124857338 0.68640555900698 5.2 2020
968000010916629 -999 -999 -0.166667409088159 0.68640555900698 6.3 2020
968000010916638 -999 -999 0.613162330166353 0.847776603179464 5.2 2020
968000010916656 -999 -999 -1.23614819435149 0.0409213823170454 8.2 2020
968000010916667 -999 -999 0.962591265595379 0.68640555900698 5.9 2020
968000010916685 -999 -999 2.0070740243739 -0.765933838545373 5.1 2020
968000010916705 -999 -999 -0.633478381924136 -0.281820706027922 5.2 2020
968000010916711 -999 -999 -0.489468011957275 -999 4 2020
968000010916716 -999 -999 2.29781194109945 -0.765933838545373 5.9 2020
968000010916723 -999 -999 0.714241306822339 0.202292426489529 6.3 2020
968000010916756 -999 -999 -0.657932973050584 -0.120449661855438 8.2 2020
968000010916782 -999 -999 -0.88128490533881 -999 8.1 2020
968000010916791 -999 -999 0.639790662726263 -999 8.1 2020
968000010916799 -999 -999 -0.159602749429408 -0.281820706027922 5.2 2020
968000010916826 -999 -999 -1.20571581428302 -1.25004697106282 10 2020
968000010916853 -999 -999 1.08214704443579 -0.120449661855438 5.2 2020
968000010916858 -999 -999 2.74560267639263 -0.281820706027922 5.2 2020
968000010916877 -999 -999 0.0414683331658325 -1.08867592689034 8.2 2020
968000010916888 -999 -999 -0.192208870931339 0.202292426489529 5.9 2020
968000010916890 -999 -999 -0.615001579739708 -0.281820706027922 8.2 2020
968000010916903 -999 -999 2.21738350806135 -0.765933838545373 5.2 2020
968000010916909 -999 -999 0.0594016999918944 -1.25004697106282 10 2020
968000010916925 -999 -999 -0.462296244038999 1.4932607798694 8.2 2020
968000010916940 -999 -999 0.00234098736351546 -999 9.9 2020
968000010916943 -999 -999 -0.679670387385205 -999 9.6 2020
968000010916979 -999 -999 -0.387302164584558 -0.765933838545373 5.2 2020
968000010916991 -999 -999 -1.25082094902736 -1.25004697106282 8.2 2020
968000010917001 -999 -999 0.522952060677678 0.202292426489529 8.2 2020
968000010917005 -999 -999 0.245800027911266 -0.120449661855438 6.3 2020
968000010917013 -999 -999 -1.06333575039126 -0.60456279437289 8.2 2020
968000010917029 -999 -999 0.429481179038809 -999 6.6 2020
968000010917049 -999 -999 1.8021988942701 0.0409213823170454 5.9 2020
968000010917053 -999 -999 0.72130596648109 -0.120449661855438 5.2 2020
968000010917082 -999 -999 -0.498162977691123 1.4932607798694 8.2 2020
968000010917085 -999 -999 -1.25190781974409 -999 9.6 2020
968000010917142 -999 -999 0.581099644022788 -0.443191750200406 6.3 2020
968000010917150 -999 -999 0.00451472879697751 -999 4 2020
968000010917152 -999 -999 1.07779956156887 -0.120449661855438 5.9 2020
968000010917157 -999 -999 0.981068067779806 -0.765933838545373 5.1 2020
968000010917179 -999 -999 -0.100368295367567 -0.765933838545373 5.1 2020
968000010917182 -999 -999 0.484911585592092 1.4932607798694 8.2 2020
968000010917205 -999 -999 -1.45895669128135 0.847776603179464 8.2 2020
968000010917227 -999 -999 -0.572613621787198 -1.25004697106282 6.3 2020
968000010917235 -999 -999 4.11397290875699 -1.41141801523531 5.1 2020
968000010917272 -999 -999 -0.0107014612372569 -2.70238636861518 5.2 2020
968000010917303 -999 -999 1.60275811774995 -0.60456279437289 5.2 2020
968000010917304 -999 -999 0.428394308322078 0.0409213823170454 5.2 2020
968000010917324 -999 -999 0.783257597334759 -0.120449661855438 5.9 2020
968000010917326 -999 -999 0.839231439246407 -0.765933838545373 5.9 2020
968000010917327 -999 -999 -0.499793283766219 0.68640555900698 8.2 2020
968000010917332 -999 -999 -0.400888048543696 0.525034514834497 5.2 2020
968000010917343 -999 -999 -0.711189638170404 -0.60456279437289 8.2 2020
968000010917357 -999 -999 -0.0867824114084288 0.363663470662013 5.9 2020
968000010917362 -999 -999 1.25658979447112 1.33188973569692 5.1 2020
968000010917366 -999 -999 0.0958118690023839 0.0409213823170454 5.2 2020
968000010917426 -999 -999 0.811516235969766 0.525034514834497 5.9 2020
968000010917500 -999 -999 2.06739534915247 -0.60456279437289 10 2020
968000010917542 -999 -999 0.277319278696465 -0.60456279437289 5.9 2020
968000010917552 -999 -999 -0.512292297008626 -999 8.1 2020
968000010917587 -999 -999 3.03036280417616 0.68640555900698 5.9 2020
968000010917588 -999 -999 2.92547978001161 -0.120449661855438 5.1 2020
968000010917610 -999 -999 2.56735587884874 -0.443191750200406 5.1 2020
968000010917627 -999 -999 -0.092216764992084 -999 8.1 2020
968000010917628 -999 -999 0.407743764704189 -0.60456279437289 5.1 2020
968000010917634 -999 -999 0.468065089482761 -999 8.1 2020
968000010917635 -999 -999 1.96577293713812 -999 6.3 2020
968000010917647 -999 -999 4.64110520637154 0.202292426489529 5.1 2020
968000010917655 -999 -999 -0.618805627248267 -0.120449661855438 8.2 2020
968000010917670 -999 -999 0.706089776446856 -0.927304882717857 5.2 2020
968000010917693 -999 -999 1.87284549085761 0.68640555900698 5.1 2020
968000010917694 -999 -999 0.158850370572783 0.202292426489529 5.9 2020
968000010917695 -999 -999 2.09348024635401 0.363663470662013 8.2 2020
968000010917696 -999 -999 -0.14601686547027 -0.60456279437289 6.3 2020
968000010917710 -999 -999 0.168632207023363 -999 8.1 2020
968000010917718 -999 -999 2.42388894424025 1.97737391238685 5.1 2020
968000010917727 -999 -999 1.08540765658598 -0.120449661855438 5.1 2020
968000010917729 -999 -999 1.3152808131746 0.525034514834497 6.3 2020
968000010917731 -999 -999 0.604467364432505 1.81600286821437 6.3 2020
968000010917756 -999 -999 -0.768793786157149 -1.73416010358028 10 2020
968000010917767 -999 -999 1.5989540702414 1.00914764735195 5.9 2020
968000010917773 -999 -999 5.86818224556087 -2.21827323609773 5.2 2020
968000010917786 -999 -999 2.37715350342081 -0.281820706027922 5.2 2020
968000010917791 -999 -999 0.282210196921755 -2.54101532444269 5.2 2020
968000010917805 -999 -999 0.613705765524719 -0.60456279437289 5.1 2020
968000010917808 -999 -999 -0.11938853291036 -2.37964428027021 5.9 2020
968000010917811 -999 -999 0.351769922792541 0.202292426489529 5.9 2020
968000010917824 -999 -999 0.776192937676007 -2.37964428027021 5.9 2020
968000010917829 -999 -999 2.13586820430652 -0.443191750200406 5.2 2020
968000010917835 -999 -999 0.0159268713226533 -1.57278905940779 8.2 2020
968000010917837 -999 -999 2.33041806260138 0.0409213823170454 8.2 2020
968000010917843 -999 -999 -0.610110661514419 1.4932607798694 5.1 2020
968000010917848 -999 -999 0.768041407300525 1.17051869152443 5.1 2020
968000010917863 -999 -999 2.03207205085871 0.202292426489529 5.2 2020
968000010917865 -999 -999 1.1718138785661 -2.54101532444269 5.9 2020
968000010917873 -999 -999 0.952265993786434 -999 8.1 2020
968000010917902 -999 -999 0.646855322385015 0.0409213823170454 5.2 2020
968000010917917 -999 -999 -0.38458498779273 0.525034514834497 5.1 2020
968000010917919 -999 -999 0.404483152553996 -0.443191750200406 8.2 2020
968000010917921 -999 -999 0.474042878424782 -1.25004697106282 5.9 2020
968000010917930 -999 -999 0.364812371393313 -1.41141801523531 5.2 2020
968000010917938 -999 -999 0.841405180679869 0.0409213823170454 5.9 2020
968000010917997 -999 -999 -1.07311758684184 -1.89553114775276 6.3 2020
968000010918003 -999 -999 0.576208725797498 -999 9.9 2020
968000010918010 -999 -999 3.25317130110602 0.202292426489529 5.2 2020
968000010918019 -999 -999 1.22996146191121 -0.443191750200406 5.2 2020
968000010918027 -999 -999 0.997371128530771 -999 9.6 2020
968000010918028 -999 -999 0.294165774805796 -1.57278905940779 5.9 2020
968000010918033 -999 -999 2.69397631734791 -1.08867592689034 5.2 2020
968000010918050 -999 -999 1.60982277740871 -0.443191750200406 5.2 2020
968000010918067 -999 -999 1.6114530834838 -0.443191750200406 5.9 2020
968000010918081 -999 -999 1.65438447679468 -999 6.6 2020
968000010918089 -999 -999 0.114832106545177 -1.41141801523531 8.2 2020
968000010918093 -999 -999 1.52504686150369 -0.927304882717857 5.9 2020
968000010918095 -999 -999 1.92392841454397 -0.60456279437289 5.1 2020
968000010918110 -999 -999 0.704459470371759 -999 9.9 2020
968000010918112 -999 -999 -0.574243927862295 -0.120449661855438 10 2020
968000010918118 -999 -999 1.25658979447112 -0.443191750200406 5.9 2020
968000010918145 -999 -999 1.86034647761521 -4.15472576616753 5.2 2020
968000010918146 -999 -999 0.63653005057607 -0.443191750200406 6.3 2020
968000010918170 -999 -999 0.539798556787009 -0.60456279437289 5.9 2020
968000010918171 -999 -999 -0.979103269844603 -0.927304882717857 10 2020
968000010918188 -999 -999 -0.43675478219582 -0.927304882717857 8.2 2020
968000010918204 -999 -999 -0.730209875713197 -1.41141801523531 5.2 2020
968000010918210 -999 -999 3.62053360336111 -999 9.9 2020
968000010918234 -999 -999 -1.01007908527144 -999 9.6 2020
968000010918248 -999 -999 0.963134700953744 -999 8.1 2020
968000010918250 -999 -999 -0.945410277625941 0.0409213823170454 5.2 2020
968000010918252 -999 -999 -1.03725085318971 1.65463182404188 5.9 2020
968000010918262 -999 -999 0.417525601154768 0.0409213823170454 5.9 2020
968000010918273 -999 -999 2.71571373168253 -1.25004697106282 6.3 2020
968000010918274 -999 -999 -1.3888535300522 0.525034514834497 5.1 2020
968000010918295 -999 -999 -0.0520025484730359 -999 9.6 2020
968000010918305 -999 -999 2.39671717632197 -1.41141801523531 5.9 2020
968000010918310 -999 -999 4.05310814862006 -1.25004697106282 5.9 2020
968000010918331 -999 -999 -0.515552909158819 -1.08867592689034 5.2 2020
968000010918338 -999 -999 0.8582516767892 -0.927304882717857 8.2 2020
968000010918340 -999 -999 -0.102542036801029 -0.60456279437289 5.9 2020
968000010918355 -999 -999 0.771845454809083 -999 9.6 2020
968000010918371 -999 -999 -0.0590672081317876 -0.927304882717857 10 2020
968000010918398 -999 -999 1.05225809972569 0.202292426489529 5.2 2020
968000010918410 -999 -999 -0.244378665334428 -1.89553114775276 5.1 2020
968000010918436 -999 -999 -0.32643740444762 -999 8.1 2020
968000010918437 -999 -999 0.0077753409471706 -1.08867592689034 8.2 2020
968000010918439 -999 -999 0.119723024770466 -0.281820706027922 8.2 2020
968000010918452 -999 -999 -1.05301047858231 -1.41141801523531 5.1 2020
968000010918460 -999 -999 0.487628762383919 -999 9.9 2020
968000010918468 -999 -999 -0.753034160764549 -0.60456279437289 8.2 2020
968000010918492 -999 -999 -1.03888115926481 -999 8.1 2020
968000010918499 -999 -999 0.0892906447019977 -999 6.9 2020
968000010918536 -999 -999 1.36473343078586 0.0409213823170454 5.9 2020
968000010918540 -999 -999 -0.50088015448295 -0.60456279437289 8.2 2020
968000010918569 -999 -999 -0.646520830524908 0.363663470662013 8.2 2020
968000010918592 -999 -999 1.66797036075382 -0.765933838545373 5.2 2020
968000010918593 -999 -999 0.0354905442238118 -0.765933838545373 5.2 2020
968000010918616 -999 -999 -0.852482831345438 -999 9.9 2020
968000010918617 -999 -999 0.407200329345823 0.0409213823170454 5.9 2020
968000010918627 -999 -999 -0.144929994753539 -999 9.6 2020
968000010918629 -999 -999 0.307208223406569 -1.25004697106282 5.2 2020
968000010918675 -999 -999 0.545776345729029 -1.25004697106282 6.3 2020
968000010918699 -999 -999 -0.576961104654122 1.81600286821437 8.2 2020
968000010918705 -999 -999 -0.647607701241639 -999 4 2020
968000010918741 -999 -999 -0.941062794759017 -999 9.6 2020
968000010918746 -999 -999 1.30604241208238 -1.57278905940779 5.2 2020
968000010918748 -999 -999 1.18050884429995 -1.41141801523531 5.1 2020
968000010918767 -999 -999 0.0626623121420875 -999 9.9 2020
968000010918803 -999 -999 1.0473671815004 -0.765933838545373 5.2 2020
968000010918822 -999 -999 -0.280245398986552 -0.281820706027922 5.2 2020
968000010918855 -999 -999 -0.0395035352306291 -999 6.6 2020
968000010918869 -999 -999 -1.27038462192852 0.363663470662013 5.1 2020
968000010918887 -999 -999 -0.948670889776134 0.525034514834497 8.2 2020
968000010918888 -999 -999 0.490345939175747 0.0409213823170454 5.1 2020
968000010918889 -999 -999 1.98153256253072 -1.25004697106282 5.2 2020
968000010918903 -999 -999 0.120809895487197 0.68640555900698 5.9 2020
968000010918904 -999 -999 -0.967147691960561 -0.765933838545373 8.2 2020
968000010918914 -999 -999 -0.975299222336044 -999 9.6 2020
968000010918924 -999 -999 0.906073988325365 0.525034514834497 6.3 2020
968000010918928 -999 -999 1.82937066218837 -0.281820706027922 5.9 2020
968000010918936 -999 -999 0.0865734679101701 -0.443191750200406 5.9 2020
968000010918964 -999 -999 0.117549283337004 -999 8.1 2020
968000010918969 -999 -999 -0.70086436636146 -0.60456279437289 8.2 2020
968000010919012 -999 -999 0.0077753409471706 -999 9.6 2020
968000010919019 -999 -999 0.062118876783722 -999 8.1 2020
968000010919033 -999 -999 -1.23886537114332 -0.443191750200406 5.9 2020
968000010919039 -999 -999 -0.253617066426642 -0.765933838545373 8.2 2020
968000010919042 -999 -999 -0.538377194210171 0.525034514834497 5.2 2020
968000010919098 -999 -999 0.0496198635413152 1.65463182404188 5.1 2020
968000010919099 -999 -999 0.134939214804701 -0.120449661855438 5.2 2020
968000010919121 -999 -999 -0.869872762813134 0.0409213823170454 5.1 2020
968000010919137 -999 -999 0.0545107817666048 -0.765933838545373 6.3 2020
968000010919148 -999 -999 1.18539976252524 -999 8.1 2020
968000010919149 -999 -999 -1.36657268035921 -0.281820706027922 8.2 2020
968000010919165 -999 -999 0.205585811392218 -999 8.1 2020
968000010919167 -999 -999 0.162110982722977 -999 4 2020
968000010919173 -999 -999 1.0000883053226 0.0409213823170454 8.2 2020
968000010919195 -999 -999 -0.147647171545366 -1.08867592689034 8.2 2020
968000010919203 -999 -999 -0.366108185608303 -0.60456279437289 5.1 2020
968000010919206 -999 -999 -0.890523306431024 -999 6.6 2020
968000010919230 -999 -999 -0.487294270523813 -0.927304882717857 5.9 2020
968000010919241 -999 -999 -0.392736518168213 -0.927304882717857 5.9 2020
968000010919259 -999 -999 -1.16387129168888 -0.443191750200406 8.2 2020
968000010919285 -999 -999 -1.00790534383798 -999 6.9 2020
968000010919303 -999 -999 0.51425709494383 -0.443191750200406 6.3 2020
968000010919305 -999 -999 -0.265029208952317 -0.443191750200406 5.9 2020
968000010919314 -999 -999 -0.206338190248842 0.0409213823170454 5.2 2020
968000010919355 -999 -999 0.54088542750374 1.17051869152443 5.9 2020
968000010919364 -999 -999 0.0653794889339151 0.363663470662013 5.9 2020
968000010919393 -999 -999 -0.807921131959466 -1.08867592689034 8.2 2020
968000010919394 -999 -999 -0.592720730046722 0.0409213823170454 8.2 2020
968000010919408 -999 -999 1.32288890819171 -1.25004697106282 5.1 2020
968000010919446 -999 -999 -0.636738994074329 -0.927304882717857 5.1 2020
968000010919485 -999 -999 -0.236227134958945 -0.60456279437289 5.2 2020
968000010919486 -999 -999 -1.24266941865188 -999 6.3 2020
968000010919492 -999 -999 -0.552506513527674 0.363663470662013 6.3 2020
968000010919500 -999 -999 0.647398757743381 -0.120449661855438 10 2020
968000010919503 -999 -999 1.08758139801945 -0.765933838545373 5.1 2020
968000010919507 -999 -999 0.81586371883669 -1.73416010358028 5.9 2020
968000010919512 -999 -999 -1.18289152923167 -999 4 2020
968000010919523 -999 -999 0.645225016309918 -0.120449661855438 5.1 2020
968000010919526 -999 -999 1.34788693467653 -0.60456279437289 5.1 2020
968000010919547 -999 -999 -0.653042054825294 0.0409213823170454 5.1 2020
968000010919550 -999 -999 -0.11938853291036 0.847776603179464 5.1 2020
968000010919560 -999 -999 2.17010463188355 -0.927304882717857 5.1 2020
968000010919561 -999 -999 -1.11387523871925 -0.281820706027922 6.3 2020
968000010919567 -999 -999 3.59499214151793 -0.443191750200406 6.3 2020
968000010919581 -999 -999 -0.053089419189767 1.17051869152443 6.3 2020
968000010919591 -999 -999 -0.0612409495652497 -0.281820706027922 5.9 2020
968000010919617 -999 -999 0.468065089482761 0.0409213823170454 6.3 2020
968000010919622 -999 -999 0.230583837877031 -0.60456279437289 5.2 2020
968000010919625 -999 -999 -0.305243425471365 -0.927304882717857 10 2020
968000010919655 -999 -999 0.309381964840031 -0.120449661855438 5.1 2020
968000010919657 -999 -999 2.6483277472452 -1.41141801523531 5.1 2020
968000010919659 -999 -999 -0.238944311750773 -0.765933838545373 6.3 2020
968000010919685 -999 -999 -0.645433959808177 -0.765933838545373 8.2 2020
968000010919695 -999 -999 -0.427516381103606 -999 8.1 2020
968000010919704 -999 -999 0.483824714875361 -2.70238636861518 5.1 2020
968000010919712 -999 -999 1.34299601645124 -1.08867592689034 5.1 2020
968000010919738 -999 -999 2.17336524403374 0.0409213823170454 8.2 2020
968000010919750 -999 -999 0.358834582451293 -2.21827323609773 8.2 2020
968000010919778 -999 -999 2.07065596130266 -999 8.1 2020
968000010919784 -999 -999 0.52023488388585 -1.41141801523531 5.1 2020
968000010919785 -999 -999 -0.0884127174835254 -999 4 2020
968000010919798 -999 -999 -0.566635832845178 -1.25004697106282 5.2 2020
968000010919805 -999 -999 0.063205747500453 -1.57278905940779 8.2 2020
968000010919820 -999 -999 0.439263015489389 -0.120449661855438 6.3 2020
968000010919829 -999 -999 -0.997036636670665 -0.281820706027922 5.9 2020
968000010919833 -999 -999 0.500671210984692 -999 8.1 2020
968000010919854 -999 -999 -0.0579803374150566 -0.281820706027922 5.9 2020
968000010919865 -999 -999 1.06801772511829 -2.05690219192524 6.3 2020
968000010919867 -999 -999 -1.01116595598817 -0.443191750200406 5.2 2020
968000010919884 -999 -999 1.1576845592486 -1.41141801523531 5.1 2020
968000010919898 -999 -999 0.186022138491059 -0.765933838545373 10 2020
968000010919899 -999 -999 -0.46338311475573 -0.281820706027922 5.2 2020
968000010919906 -999 -999 0.31427288306532 -0.927304882717857 5.9 2020
968000010919910 -999 -999 -0.365021314891572 -1.41141801523531 8.2 2020
968000010919959 -999 -999 -1.40243941401134 -1.89553114775276 8.2 2020
968000010919981 -999 -999 -0.398714307110234 -1.89553114775276 8.2 2020
968000010919997 -999 -999 -1.25190781974409 -0.120449661855438 5.9 2020
968000010920003 -999 -999 1.02726007324087 -0.281820706027922 5.1 2020
968000010920035 -999 -999 -1.00029724882086 1.17051869152443 8.2 2020
968000010920055 -999 -999 -0.214489720624325 -0.120449661855438 5.9 2020
968000010920090 -999 -999 -0.0155923794625465 -1.25004697106282 5.2 2020
968000010920100 -999 -999 -0.00200649550340865 -0.765933838545373 5.2 2020
968000010920123 -999 -999 0.518604577810754 -0.120449661855438 5.1 2020
968000010920129 -999 -999 -0.0960208125006426 -0.281820706027922 5.2 2020
968000010920132 -999 -999 0.983241809213268 -999 8.1 2020
968000010920138 -999 -999 1.07399551406031 -0.765933838545373 6.3 2020
968000010920176 -999 -999 -1.32092411025651 -1.25004697106282 5.9 2020
968000010920179 -999 -999 1.64188546355227 -2.37964428027021 5.2 2020
968000010920195 -999 -999 0.209933294259142 -1.25004697106282 8.2 2020
968000010920213 -999 -999 -1.13724295912897 -0.765933838545373 5.9 2020
968000010920214 -999 -999 0.338184038833403 -0.120449661855438 5.1 2020
968000010920227 -999 -999 -0.713363379603866 -1.25004697106282 8.2 2020
968000010920251 -999 -999 -0.219380638849614 0.0409213823170454 5.2 2020
968000010920265 -999 -999 1.327779826417 0.202292426489529 5.2 2020
968000010920269 -999 -999 -0.624783416190288 1.81600286821437 6.3 2020
968000010920303 -999 -999 0.832166779587655 -3.18649950113263 5.2 2020
968000010920354 -999 -999 -0.160146184787773 -1.25004697106282 6.3 2020
968000010920374 -999 -999 1.17127044320774 -999 8.1 2020
968000010920388 -999 -999 -0.334045499464738 0.0409213823170454 6.3 2020
968000010920397 -999 -999 0.515343965660561 -1.25004697106282 5.1 2020
968000010920428 -999 -999 1.14572898136456 -1.08867592689034 5.1 2020
968000010920439 -999 -999 0.621313860541836 1.17051869152443 5.9 2020
968000010920442 -999 -999 2.75538451284321 -0.281820706027922 5.2 2020
968000010920458 -999 -999 0.619140119108374 -2.21827323609773 5.2 2020
968000010920483 -999 -999 -0.199816965948456 -0.765933838545373 8.2 2020
968000010920492 -999 -999 2.32280996758426 -999 4 2020
968000010920508 -999 -999 -0.809551438034562 0.525034514834497 8.2 2020
968000010920542 -999 -999 2.28531292785704 -0.765933838545373 5.9 2020
968000010920555 -999 -999 0.0724441485926667 -999 9.6 2020
968000010920558 -999 -999 -1.00464473168778 -999 9.9 2020
968000010920567 -999 -999 0.022991530981405 -0.60456279437289 5.2 2020
968000010920570 -999 -999 -0.744339195030701 0.525034514834497 5.2 2020
968000010916230 -999 -999 2.67006516157982 -999 9.9 2020
968000010918295 -999 -999 -0.382411246359268 -999 9.9 2020
968000010919785 -999 -999 0.495236857401037 -999 8.1 2020
